1407159299,96.3100,96.5000,96.0100,96.3700,1826300
1407159540,96.1900,96.5800,96.1700,96.3200,1032200
1407159840,96.2900,96.3749,96.1600,96.2100,708800
1407160199,96.2800,96.3300,96.1200,96.3000,641000
1407160499,96.1700,96.3100,96.1500,96.2800,565100
1407160798,96.2900,96.3000,96.1000,96.1900,579600
1407161040,96.2700,96.4000,96.1500,96.2905,819800
1407161340,96.4000,96.4600,96.2200,96.2700,731400
1407161699,96.2600,96.4600,96.2100,96.4100,541400
1407161999,96.0800,96.3000,96.0600,96.2549,538500
1407162299,96.1200,96.1700,96.0100,96.0868,465000
1407162599,96.1020,96.2500,96.0500,96.1200,368500
1407162899,95.8100,96.1500,95.8000,96.1100,699400
1407163140,95.7040,95.8900,95.6100,95.8200,825000
1407163499,95.5500,95.7700,95.5500,95.7049,705000
1407163799,95.3000,95.5510,95.3000,95.5500,1049400
1407164099,95.4900,95.5300,95.2880,95.3100,618000
1407164399,95.2655,95.5100,95.2100,95.4900,769400
1407164642,95.2200,95.3400,95.1700,95.2600,427600
1407164940,95.3600,95.3900,95.1700,95.2300,570900
1407165299,95.4050,95.4500,95.2500,95.3687,440100
1407165598,95.4650,95.5200,95.3740,95.4200,465800
1407165840,95.4700,95.5199,95.4100,95.4650,305800
1407166140,95.5320,95.5800,95.4200,95.4700,433200
1407166499,95.5100,95.5700,95.4300,95.5400,550100
1407166797,95.2880,95.5100,95.2600,95.5100,508500
1407167099,95.2364,95.3700,95.2200,95.2800,468800
1407167398,95.3099,95.3900,95.2000,95.2300,482200
1407167640,95.3340,95.3500,95.2500,95.3000,233100
1407167999,95.3800,95.4400,95.3300,95.3400,443200
1407168242,95.2500,95.4100,95.2200,95.3800,522800
1407168599,95.3290,95.3300,95.2300,95.2400,191400
1407168840,95.4200,95.4350,95.2901,95.3299,311000
1407169140,95.4600,95.4700,95.3500,95.4200,275000
1407169440,95.4798,95.4900,95.3700,95.4600,282400
1407169799,95.4460,95.5400,95.4200,95.4750,394600
1407170040,95.5100,95.5200,95.4390,95.4400,302400
1407170340,95.5000,95.5100,95.4000,95.5050,243600
1407170640,95.6200,95.6300,95.4900,95.4900,333100
1407170999,95.6100,95.6600,95.5600,95.6200,327900
1407171298,95.7201,95.7800,95.6000,95.6100,425000
1407171599,95.6999,95.7400,95.6600,95.7300,305400
1407171840,95.7100,95.7500,95.6600,95.6999,261400
1407172140,95.6550,95.7300,95.6420,95.7100,220500
1407172498,95.5100,95.6700,95.5000,95.6550,393300
1407172799,95.5000,95.5560,95.4800,95.5100,263200
1407173040,95.5000,95.5900,95.4934,95.4934,272100
1407173399,95.5100,95.6100,95.5000,95.5010,200500
1407173642,95.5550,95.6100,95.5000,95.5199,141800
1407173942,95.5700,95.6100,95.5400,95.5565,189700
1407174299,95.6050,95.6290,95.5400,95.5800,240000
1407174599,95.5700,95.6200,95.5500,95.6100,290100
1407174841,95.6200,95.6700,95.5500,95.5666,246000
1407175198,95.6200,95.6700,95.5520,95.6201,187000
1407175499,95.7000,95.7200,95.6000,95.6299,209900
1407175744,95.6765,95.7400,95.6500,95.6900,238700
1407176040,95.7500,95.7500,95.6800,95.6800,199300
1407176398,95.5870,95.7500,95.5800,95.7500,353800
1407176641,95.5472,95.6200,95.5000,95.5900,279100
1407176943,95.5980,95.6100,95.5200,95.5400,179200
1407177243,95.6200,95.6500,95.5900,95.6000,167100
1407177540,95.7450,95.7500,95.6250,95.6300,259800
1407177899,95.7550,95.7600,95.7100,95.7500,255900
1407178199,95.8000,95.8300,95.7500,95.7551,508600
1407178498,95.8600,95.8700,95.7900,95.8000,448000
1407178740,95.8500,95.8701,95.8000,95.8600,275400
1407179040,95.8566,95.9190,95.8400,95.8500,313200
1407179399,95.8700,95.8970,95.8290,95.8700,268600
1407179698,95.9657,95.9900,95.8500,95.8800,308600
1407179940,96.0890,96.1180,95.9645,95.9700,729500
1407180240,95.9810,96.1210,95.9810,96.0900,416700
1407180540,96.0270,96.0600,95.9800,95.9880,278000
1407180899,96.0699,96.0900,96.0100,96.0300,336800
1407181140,96.1748,96.2200,96.0400,96.0670,702700
1407181498,96.2100,96.2700,96.1650,96.1800,575200
1407181799,95.9200,96.2200,95.9120,96.2100,788400
1407182099,95.8300,96.0100,95.8200,95.9200,639800
1407182340,95.5900,95.8500,95.5800,95.8300,1901800
1407182400,95.5900,95.5900,95.5900,95.5900,3690400
1407245699,95.2300,95.4500,94.8800,95.4201,0
1407245940,95.2900,95.3800,95.0700,95.2300,852300
1407246240,95.1499,95.3400,95.0400,95.3000,787500
1407246599,94.9100,95.1600,94.8600,95.1400,834600
1407246840,94.3890,94.9100,94.3600,94.9100,1967000
1407247140,94.4900,94.6500,94.3600,94.3800,1124500
1407247440,94.5149,94.6500,94.4100,94.4900,978900
1407247740,94.5900,94.6590,94.4100,94.5150,837600
1407248099,94.6890,94.8500,94.5200,94.5900,835100
1407248340,94.7000,94.8300,94.6039,94.6901,528100
1407248640,94.9800,94.9900,94.6900,94.7100,649900
1407248941,94.8700,94.9800,94.7500,94.9800,428100
1407249299,95.0700,95.0800,94.8450,94.8700,1599400
1407249599,94.9800,95.0900,94.9000,95.0600,639200
1407249841,94.8599,95.0200,94.8500,94.9899,1391000
1407250140,95.1500,95.1900,94.8500,94.8600,446800
1407250499,95.0100,95.1699,94.8800,95.1400,432800
1407250799,94.9100,95.0800,94.8000,95.0100,403600
1407251099,94.7480,94.9200,94.6800,94.9200,494000
1407251399,94.7768,94.8500,94.7166,94.7499,400200
1407251699,94.8600,94.8600,94.6700,94.7800,405600
1407251943,95.0010,95.0200,94.8400,94.8550,341500
1407252241,94.9993,95.0600,94.9600,95.0200,331400
1407252540,94.9200,94.9999,94.8900,94.9999,348000
1407252898,94.9950,95.0600,94.9300,94.9300,264900
1407253140,94.9900,95.0400,94.9400,94.9950,329200
1407253498,94.9760,95.0500,94.9700,95.0000,277700
1407253740,94.8390,95.0060,94.8300,94.9770,259000
1407254098,94.8250,94.8950,94.8000,94.8380,275700
1407254341,94.7900,94.8800,94.6800,94.8210,1106400
1407254644,94.7790,94.8500,94.7500,94.7900,228200
1407254940,94.7600,94.8100,94.6301,94.7700,428000
1407255299,94.9199,94.9199,94.7700,94.7700,341000
1407255599,94.9700,94.9900,94.8100,94.9100,598700
1407255840,94.7100,94.9700,94.7034,94.9700,267200
1407256199,94.8001,94.8500,94.6700,94.7100,276700
1407256440,94.8499,94.8800,94.7600,94.8050,254600
1407256796,94.7800,94.8700,94.6900,94.8499,625900
1407257098,94.7401,94.8000,94.7100,94.7850,207600
1407257399,94.7340,94.7800,94.6900,94.7400,205600
1407257699,94.8800,94.8800,94.7400,94.7400,523600
1407257940,94.9300,94.9300,94.7600,94.8800,441400
1407258299,94.8600,94.9700,94.8200,94.9200,328100
1407258540,94.8500,94.9000,94.8100,94.8500,189100
1407258840,94.9000,94.9100,94.8377,94.8599,285200
1407259140,94.9700,95.0900,94.8500,94.9000,1204300
1407259440,95.3400,95.3500,94.8800,94.9800,1500000
1407259799,95.4400,95.4900,95.3000,95.3380,1648300
1407260040,95.6500,95.6800,95.4300,95.4400,1323300
1407260399,94.7900,95.6599,94.7900,95.6599,1634800
1407260640,94.8100,95.0100,94.6700,94.7900,1435400
1407260940,94.9200,95.0300,94.7800,94.8200,861500
1407261299,95.0599,95.0700,94.7500,94.9200,810100
1407261540,95.0400,95.2100,95.0400,95.0500,811200
1407261898,95.0700,95.0950,94.8700,95.0300,784900
1407262199,94.5550,95.0750,94.5300,95.0750,1270200
1407262440,94.8900,94.9400,94.5200,94.5500,898300
1407262799,94.9300,94.9700,94.7900,94.8900,579600
1407263099,94.9000,95.0600,94.8700,94.9247,485000
1407263342,95.0100,95.0400,94.8100,94.8900,394000
1407263641,95.1200,95.1600,94.9800,95.0150,584600
1407263940,95.0400,95.1800,95.0400,95.1228,623200
1407264240,95.1247,95.1300,95.0000,95.0560,493300
1407264598,95.2300,95.2800,95.1200,95.1280,522900
1407264844,95.0900,95.2300,95.0350,95.2300,409700
1407265143,95.0299,95.1900,95.0200,95.0900,521700
1407265499,94.9400,95.0400,94.9100,95.0300,512000
1407265799,94.9200,95.0000,94.8200,94.9400,438300
1407266040,94.9600,95.0000,94.8400,94.9200,467500
1407266340,95.0784,95.1100,94.9200,94.9500,457500
1407266699,95.1300,95.1890,95.0348,95.0700,430100
1407266998,95.0010,95.1900,94.9900,95.1300,433100
1407267299,95.2100,95.2300,95.0050,95.0050,503300
1407267540,95.2001,95.3800,95.1810,95.2050,770900
1407267899,95.2400,95.2500,95.1700,95.2100,524800
1407268199,95.1800,95.2800,95.0900,95.2400,627800
1407268440,95.1400,95.2400,95.0900,95.1800,695000
1407268740,95.1400,95.3000,95.0800,95.1400,1736400
1407268800,95.1200,95.1200,95.1200,95.1200,2681100
1407332040,95.2200,95.3400,94.7100,94.7500,0
1407332399,95.4399,95.4800,95.2100,95.2300,974200
1407332699,95.1600,95.4600,95.1500,95.4364,1049700
1407332940,95.2950,95.3300,95.0800,95.1600,771900
1407333240,95.1801,95.3000,95.1400,95.3000,592300
1407333599,94.8800,95.1900,94.8100,95.1900,1063700
1407333899,95.0800,95.1300,94.8300,94.8800,841000
1407334199,94.9000,95.1100,94.8600,95.0800,719300
1407334440,94.8000,95.0000,94.7300,94.9100,921100
1407334799,94.7800,94.9200,94.7200,94.8000,525300
1407335041,95.0200,95.0300,94.7600,94.7800,601000
1407335399,95.0800,95.1000,94.9400,95.0150,535900
1407335699,95.0490,95.1200,95.0000,95.0800,513900
1407335940,95.0400,95.0700,94.9700,95.0500,581700
1407336240,94.9749,95.0700,94.9000,95.0500,434900
1407336540,95.0500,95.0700,94.9700,94.9900,240100
1407336840,95.0700,95.1000,95.0100,95.0500,1214800
1407337198,95.2210,95.2800,95.0600,95.0655,577100
1407337440,95.2101,95.2700,95.1700,95.2200,400700
1407337740,95.2400,95.3300,95.2000,95.2100,498300
1407338099,95.2068,95.2700,95.1700,95.2400,452300
1407338399,95.2500,95.2500,95.1300,95.2090,385600
1407338640,95.2500,95.3200,95.2300,95.2500,597600
1407338999,95.1218,95.3000,95.1200,95.2600,392100
1407339240,95.1407,95.1700,95.1100,95.1300,310000
1407339598,95.0349,95.1460,95.0100,95.1440,332500
1407339899,95.1300,95.1302,94.9100,95.0350,556800
1407340140,95.1400,95.2100,95.0950,95.1200,421300
1407340499,95.1800,95.2300,95.1400,95.1450,318800
1407340799,95.2100,95.2300,95.1700,95.1800,214100
1407341099,95.2450,95.2600,95.1901,95.2200,236500
1407341399,95.1350,95.2600,95.1100,95.2500,271500
1407341641,95.1100,95.1600,95.0300,95.1400,265600
1407341940,94.9400,95.1300,94.9300,95.1100,508600
1407342240,95.0000,95.0466,94.9000,94.9499,466500
1407342540,94.9400,95.0100,94.9300,95.0000,234800
1407342840,95.0630,95.1200,94.9400,94.9400,264500
1407343140,95.1200,95.1690,95.0300,95.0700,203700
1407343440,95.1050,95.1500,95.0500,95.1299,158100
1407343740,95.0840,95.1600,95.0300,95.1100,460600
1407344098,95.0600,95.1100,95.0400,95.0900,196400
1407344399,95.0850,95.0900,94.9700,95.0500,262500
1407344699,95.0265,95.1200,94.9900,95.0850,260300
1407344941,94.9500,95.0300,94.9200,95.0201,327100
1407345240,95.0450,95.0500,94.9400,94.9500,145200
1407345543,95.0900,95.1200,95.0400,95.0499,233800
1407345899,95.1449,95.1500,95.0700,95.0840,221400
1407346199,95.0332,95.1900,95.0300,95.1400,333800
1407346499,94.9950,95.0600,94.9550,95.0300,468600
1407346798,95.0550,95.0800,94.9910,94.9950,186400
1407347099,95.0900,95.1200,95.0201,95.0599,174800
1407347399,95.0100,95.1100,94.9600,95.0900,358900
1407347641,94.9300,95.0600,94.9100,95.0100,288100
1407347940,94.9500,95.0000,94.9100,94.9400,238900
1407348240,94.8600,94.9700,94.8100,94.9600,391400
1407348540,94.8550,94.8900,94.8100,94.8600,242900
1407348842,94.9300,94.9400,94.8000,94.8600,302100
1407349140,95.0100,95.0400,94.9100,94.9265,330900
1407349440,95.0300,95.0400,94.9300,95.0200,236900
1407349799,95.1400,95.1500,95.0310,95.0399,258400
1407350042,95.0500,95.1600,95.0401,95.1400,301100
1407350340,95.0300,95.0800,94.9701,95.0600,250000
1407350640,95.1400,95.1600,95.0100,95.0300,1516700
1407350940,95.1290,95.1500,95.0800,95.1425,152900
1407351240,95.1700,95.1800,95.1300,95.1300,261100
1407351543,95.1000,95.1765,95.0700,95.1700,223400
1407351899,95.2200,95.2200,95.0700,95.1000,344300
1407352198,95.1300,95.2300,95.0800,95.2200,413000
1407352440,94.9950,95.1600,94.9800,95.1300,464600
1407352741,95.0200,95.0300,94.9200,94.9999,307000
1407353040,95.1200,95.1500,94.9900,95.0355,250100
1407353340,95.1299,95.1900,95.1100,95.1300,267000
1407353699,94.9857,95.1200,94.9634,95.1200,448300
1407353940,95.0450,95.0700,94.9700,94.9850,279400
1407354299,95.1310,95.1500,95.0150,95.0470,307000
1407354540,95.0643,95.1500,95.0600,95.1350,321100
1407354899,95.0666,95.1500,95.0300,95.0700,613600
1407355140,94.9600,95.1000,94.9400,95.0700,1072200
1407355200,94.9600,94.9600,94.9600,94.9600,3374400
1407418440,94.9300,95.1700,94.7100,94.9200,0
1407418799,95.0000,95.0600,94.7500,94.9400,809200
1407419040,95.0700,95.0800,94.9000,95.0100,823600
1407419399,94.9600,95.0800,94.9400,95.0700,724300
1407419699,95.1000,95.1700,94.9450,94.9600,907900
1407419940,95.2000,95.2200,95.0800,95.1000,756000
1407420240,95.0054,95.2550,95.0000,95.1901,753400
1407420540,95.1300,95.1710,94.9900,95.0000,728100
1407420840,95.3800,95.4500,95.0900,95.1346,950400
1407421198,95.2900,95.4000,95.2400,95.3800,556200
1407421440,95.5000,95.5200,95.3000,95.3000,896100
1407421799,95.7099,95.7400,95.4900,95.5000,1319000
1407422040,95.8100,95.8100,95.5800,95.7010,738500
1407422340,95.8400,95.9500,95.7800,95.8100,1089000
1407422640,95.6583,95.8900,95.6401,95.8449,776800
1407422999,95.4910,95.7400,95.4800,95.6500,985900
1407423240,95.3900,95.5700,95.3200,95.5000,871200
1407423540,95.4750,95.5100,95.3700,95.3800,652500
1407423840,95.5400,95.5600,95.4300,95.4700,590000
1407424199,95.5700,95.6000,95.4000,95.5401,1155700
1407424440,95.3800,95.6000,95.3300,95.5800,919000
1407424740,95.5800,95.5800,95.3500,95.3800,489900
1407425040,95.6300,95.6800,95.5100,95.5600,465500
1407425399,95.5300,95.6400,95.5300,95.6100,312800
1407425698,95.6300,95.6700,95.5101,95.5300,0
1407425997,95.6300,95.7200,95.5680,95.6200,453900
1407426242,95.6370,95.6900,95.5300,95.6342,374700
1407426542,95.2700,95.6270,95.1900,95.6270,919300
1407426899,95.1100,95.3800,95.0800,95.2750,570700
1407427199,95.1000,95.1700,95.0500,95.1100,765900
1407427499,95.1770,95.1800,95.0000,95.1100,567500
1407427799,95.3500,95.3500,95.1200,95.1600,501000
1407428041,95.2450,95.3500,95.2100,95.3490,1290800
1407428340,95.0728,95.2800,95.0700,95.2499,339900
1407428640,95.1100,95.1600,95.0500,95.0710,468300
1407428944,95.0900,95.1600,95.0600,95.1100,329200
1407429240,94.9400,95.0800,94.9100,95.0800,753800
1407429540,94.8090,94.9700,94.7800,94.9400,575000
1407429899,94.8700,94.8900,94.7700,94.8050,452100
1407430199,94.9800,95.0000,94.8600,94.8700,396700
1407430499,94.9050,95.0000,94.9000,94.9850,255600
1407430740,94.9050,94.9300,94.8300,94.9050,372000
1407431099,95.0210,95.0500,94.8950,94.9100,225400
1407431399,95.0100,95.0700,94.9700,95.0250,270100
1407431641,94.9800,95.1200,94.9700,95.0100,410300
1407431999,95.0400,95.0600,94.9800,94.9900,179600
1407432240,94.9700,95.0350,94.9000,95.0310,202900
1407432540,95.0600,95.0700,94.9300,94.9601,173800
1407432896,95.0600,95.0900,95.0100,95.0650,163300
1407433199,95.1400,95.1500,95.0000,95.0400,192100
1407433440,95.2700,95.2900,95.1200,95.1400,420300
1407433741,95.2790,95.2900,95.1800,95.2800,223300
1407434042,95.1950,95.2800,95.1900,95.2800,154100
1407434341,95.2600,95.2700,95.1310,95.1950,203800
1407434647,95.1545,95.2600,95.1000,95.2510,238000
1407434999,95.1900,95.2350,95.1200,95.1600,193400
1407435298,95.0900,95.2000,95.0700,95.1900,209100
1407435540,95.0252,95.1000,94.9200,95.0950,411300
1407435840,95.0001,95.0300,94.9800,95.0300,202600
1407436199,94.9548,94.9900,94.9400,94.9799,167900
1407436499,94.8200,94.9500,94.8000,94.9500,345000
1407436740,94.7600,94.8400,94.7500,94.8120,385900
1407437099,94.8149,94.8700,94.7600,94.7700,337300
1407437341,94.8450,94.8900,94.8149,94.8200,210400
1407437697,94.8933,94.9700,94.8449,94.8451,233600
1407437999,94.7900,94.8900,94.7400,94.8900,498000
1407438240,94.7600,94.9100,94.7600,94.8000,341100
1407438540,94.5500,94.8200,94.4620,94.7600,962900
1407438899,94.5510,94.6600,94.5100,94.5500,515800
1407439199,94.4100,94.5669,94.3500,94.5610,767600
1407439440,94.1596,94.4600,94.1000,94.4100,952800
1407439740,94.3100,94.3200,94.1030,94.1590,730400
1407440040,94.3100,94.3800,94.2500,94.3190,555900
1407440399,94.4300,94.4700,94.1800,94.3051,488900
1407440640,94.3699,94.4700,94.3300,94.4300,580800
1407440999,94.3100,94.4150,94.2100,94.3700,701200
1407441299,94.4200,94.4700,94.3100,94.3100,607000
1407441599,94.4800,94.4900,94.3500,94.4200,1036300
1407441600,94.4800,94.4800,94.4800,94.4800,1392100
1407504840,93.8700,94.4500,93.8200,94.2400,0
1407505199,93.9400,93.9600,93.6000,93.9000,1399300
1407505440,93.8800,93.9690,93.6690,93.9400,881000
1407505799,94.0700,94.0900,93.7500,93.8800,780600
1407506040,94.1200,94.2500,94.0600,94.0700,691200
1407506341,93.9500,94.2500,93.9500,94.1200,708200
1407506640,94.0800,94.1100,93.8500,93.9500,567100
1407506940,94.0900,94.2000,93.9100,94.0800,574700
1407507240,93.9161,94.1100,93.8000,94.0952,523300
1407507599,93.8240,93.9300,93.7900,93.9199,472900
1407507899,93.7999,93.8460,93.7100,93.8300,534000
1407508140,93.4600,93.8100,93.2800,93.8000,1784200
1407508499,93.4900,93.5300,93.3900,93.4600,717500
1407508741,93.6400,93.6699,93.4000,93.4900,511900
1407509098,93.6901,93.9000,93.6400,93.6400,752200
1407509341,93.8458,93.9500,93.6700,93.6800,496000
1407509640,93.8499,93.9299,93.8100,93.8500,296500
1407509940,93.8200,93.9000,93.7300,93.8467,351500
1407510299,93.8700,93.8800,93.7300,93.8100,217000
1407510540,93.8449,93.9700,93.8020,93.8800,482900
1407510898,93.8700,93.9800,93.8000,93.8500,310100
1407511199,93.8800,93.9200,93.8000,93.8700,244300
1407511440,93.8100,93.9000,93.6850,93.8800,459100
1407511799,93.7700,93.8400,93.7000,93.8100,309500
1407512040,93.8233,93.8700,93.6900,93.7700,319200
1407512340,93.8200,93.8300,93.7100,93.8200,195700
1407512641,93.7600,93.8300,93.7300,93.8200,425700
1407512940,93.6500,93.7700,93.6000,93.7490,348600
1407513299,93.7000,93.7399,93.6100,93.6650,247000
1407513598,93.7900,93.8600,93.6901,93.7000,421100
1407513899,93.8440,93.8700,93.7500,93.7948,224900
1407514141,93.8199,93.8500,93.7800,93.8350,226500
1407514441,93.8700,93.8700,93.7800,93.8101,180000
1407514797,93.8700,93.8900,93.8000,93.8700,271800
1407515040,93.8700,93.8900,93.8100,93.8701,299500
1407515341,93.7800,93.8900,93.7300,93.8700,282700
1407515699,93.6800,93.7790,93.6400,93.7734,215400
1407515999,93.7399,93.7700,93.6400,93.6700,218900
1407516240,93.7440,93.7600,93.6700,93.7300,160900
1407516541,93.8200,93.8300,93.7400,93.7400,203600
1407516840,93.8370,93.8900,93.8000,93.8200,224300
1407517199,93.8899,93.9000,93.7950,93.8394,174600
1407517499,93.9500,93.9500,93.8300,93.8800,260600
1407517799,94.0100,94.0300,93.8600,93.9500,352600
1407518099,94.0574,94.0800,94.0000,94.0050,686000
1407518399,94.2900,94.3000,94.0300,94.0600,783400
1407518699,94.2700,94.3100,94.1700,94.3000,445300
1407518999,94.3700,94.4500,94.2300,94.2790,631100
1407519240,94.3600,94.4200,94.3200,94.3865,611200
1407519599,94.4000,94.4200,94.3250,94.3700,343200
1407519840,94.5600,94.5700,94.3900,94.4099,864800
1407520196,94.5600,94.6100,94.5140,94.5600,540400
1407520498,94.3300,94.5800,94.3300,94.5700,529600
1407520741,94.4700,94.4872,94.3200,94.3334,290400
1407521099,94.5000,94.5200,94.4300,94.4799,383300
1407521398,94.5300,94.5700,94.5000,94.5000,379200
1407521699,94.6000,94.6000,94.4900,94.5300,639000
1407521941,94.6500,94.6500,94.5900,94.6000,448600
1407522299,94.6500,94.6600,94.6100,94.6467,321200
1407522540,94.6600,94.7400,94.6000,94.6500,588500
1407522899,94.6250,94.6700,94.5700,94.6600,300200
1407523141,94.7000,94.7090,94.5800,94.6228,296000
1407523440,94.6900,94.8100,94.6100,94.7032,533400
1407523799,94.7200,94.7400,94.6600,94.6899,198700
1407524099,94.7000,94.7500,94.6700,94.7299,194400
1407524399,94.7400,94.7600,94.6900,94.7000,280200
1407524640,94.6840,94.7490,94.6500,94.7490,412400
1407524940,94.6100,94.7060,94.5801,94.6900,405600
1407525243,94.4999,94.6100,94.4600,94.6100,497500
1407525540,94.5000,94.5710,94.4800,94.4950,450400
1407525895,94.6068,94.6200,94.4601,94.4950,384400
1407526140,94.6360,94.7000,94.5900,94.6050,444300
1407526499,94.6300,94.6900,94.6050,94.6350,409500
1407526740,94.6201,94.6400,94.5650,94.6300,422800
1407527099,94.7050,94.7300,94.6200,94.6300,582900
1407527399,94.6899,94.7400,94.6300,94.7100,579000
1407527640,94.7899,94.8100,94.6800,94.6900,1169300
1407527999,94.7300,94.8200,94.7000,94.7900,1822600
1407528000,94.7301,94.7301,94.7300,94.7300,0
