1407159240,235.8100,236.2000,233.2700,234.2500,230300
1407159599,237.3999,237.8000,234.8000,235.8100,282400
1407159899,236.5580,237.6400,235.1200,237.3500,137500
1407160141,236.6800,236.9800,236.0000,236.2900,105900
1407160440,237.4100,237.6650,236.1600,236.5200,153600
1407160798,237.3200,237.6000,236.1600,237.3900,117600
1407161042,236.9820,237.6000,236.7200,237.2800,103700
1407161344,238.7900,239.3400,236.8700,237.1800,306600
1407161644,238.3500,238.9300,237.5501,238.8900,111300
1407161941,237.3000,238.3794,237.2400,238.3300,75800
1407162299,237.7700,237.9200,237.0400,237.2700,61400
1407162542,236.4750,237.6700,236.3000,237.6500,96300
1407162842,236.7201,237.2700,236.4501,236.5700,55100
1407163140,236.8500,237.0000,236.1800,236.8600,79100
1407163496,235.6001,237.1000,235.5600,236.7000,88500
1407163742,235.6558,236.0700,235.2000,235.6100,78200
1407164045,236.2000,236.2300,235.1600,235.5500,62000
1407164340,235.7550,236.1800,235.2426,236.1800,51200
1407164649,235.1000,236.1110,234.8100,235.6780,44400
1407164942,236.7000,236.7000,234.9600,235.0720,81400
1407165241,236.5100,236.8000,236.0201,236.7000,43400
1407165541,236.8520,237.1000,236.2800,236.5800,61300
1407165840,236.9948,237.2100,236.7400,236.9710,81100
1407166144,237.4800,237.7100,236.7400,236.8390,67900
1407166440,237.9001,237.9900,237.2200,237.7399,80600
1407166798,238.2300,238.5000,237.6800,237.9000,131900
1407167095,237.4500,238.3500,237.2300,238.0001,43900
1407167399,237.6600,238.0500,237.3500,237.3501,33600
1407167641,238.0000,238.1800,237.3970,237.6500,32000
1407167988,238.2200,238.4900,237.9820,238.0000,43400
1407168249,237.7915,238.4200,237.6500,238.2200,36200
1407168541,237.6200,238.1800,237.5000,237.8000,28900
1407168852,237.9045,238.0800,237.6300,237.7100,33900
1407169183,238.1000,238.1000,237.6100,237.8600,29400
1407169499,238.1000,238.1200,237.4200,238.1000,25100
1407169745,238.5700,238.6000,238.0500,238.0709,53200
1407170041,239.0700,239.0700,238.4100,238.5000,133700
1407170343,238.7200,239.1972,238.3900,239.0600,36900
1407170648,238.9300,239.3900,238.5901,238.7200,76500
1407170941,239.0600,239.2000,238.8500,239.0840,48800
1407171243,239.3000,239.6900,239.0100,239.0100,102200
1407171558,238.6911,239.3400,238.4800,239.2200,48700
1407171845,238.6150,238.9580,238.5500,238.6780,33400
1407172141,238.1200,238.6940,238.0600,238.6600,37900
1407172441,237.7000,238.1790,237.6000,238.1058,83000
1407172742,238.0450,238.1400,237.4500,237.7490,48500
1407173052,238.0200,238.4800,237.8066,238.1400,30400
1407173345,237.6500,238.1400,237.5400,237.9600,48300
1407173698,238.2800,238.5900,237.3000,237.6020,83000
1407173940,238.8500,239.0000,237.9558,238.2800,59100
1407174241,239.1200,239.3000,238.6400,238.6700,48000
1407174541,239.5024,239.6000,239.0100,239.1500,74600
1407174843,239.1100,239.4950,239.0600,239.4950,38000
1407175141,239.0500,239.3900,238.7501,239.1900,44300
1407175443,239.5820,239.7800,239.1150,239.1500,76800
1407175799,239.0246,239.6000,239.0246,239.5500,32900
1407176041,238.9800,239.3700,238.7900,239.0100,33400
1407176352,239.1240,239.2900,238.9600,238.9900,23800
1407176651,239.0300,239.2299,238.9400,239.1000,32700
1407176940,239.1300,239.3000,238.9860,239.0500,27000
1407177241,239.3900,239.3900,238.9400,239.0876,35700
1407177548,239.4000,239.5000,239.1000,239.2600,46200
1407177840,239.3300,239.5600,238.9400,239.4500,51500
1407178141,239.8500,239.9500,239.2500,239.2700,65100
1407178440,239.9200,240.3500,239.6800,239.8100,189800
1407178741,240.0700,240.3000,239.7300,240.0000,56500
1407179054,239.9500,240.2900,239.8500,240.1100,54100
1407179349,239.8600,239.9800,239.6400,239.8808,31800
1407179640,240.2222,240.5000,239.8425,239.8800,71000
1407179940,240.3500,240.4450,240.0000,240.2500,48200
1407180240,240.2100,240.4500,240.2000,240.3870,46800
1407180599,240.0250,240.2800,239.8600,240.2000,64400
1407180845,240.0000,240.2795,239.7500,240.0500,57100
1407181198,240.2499,240.2900,239.8800,240.0200,72200
1407181495,240.3500,240.4300,240.1200,240.1200,64900
1407181740,239.6600,240.3700,239.6550,240.3260,120700
1407182040,239.3500,239.7600,239.2100,239.6300,114200
1407182399,238.4600,239.3000,238.3800,239.3000,254600
1407182400,238.4800,238.4800,238.4800,238.4800,31300
1407245641,237.4900,238.3700,236.3800,237.4700,0
1407245942,237.1746,238.5000,236.6300,237.4900,112900
1407246240,237.0699,237.3710,235.6900,237.0500,180200
1407246598,236.7150,237.7800,236.3500,237.0600,115900
1407246843,237.3900,237.4700,236.4300,236.6001,100200
1407247199,238.6860,238.7400,236.9000,237.2300,116300
1407247440,238.4300,239.1200,237.8500,238.7100,123100
1407247795,238.3400,239.0000,238.1500,238.4700,68000
1407248096,238.7220,238.8900,238.0000,238.3200,53800
1407248341,239.1797,239.8700,238.6600,238.7755,151300
1407248640,241.0900,241.3000,239.0000,239.1500,214000
1407248940,241.2500,241.4200,240.3500,241.1000,138600
1407249244,241.7230,241.9799,240.6600,241.3500,127100
1407249541,242.3100,242.5000,241.3600,241.7530,135000
1407249840,242.3646,242.9900,242.2300,242.4000,161600
1407250140,241.9994,242.6900,241.7500,242.3380,79900
1407250444,241.9000,242.1600,241.1784,241.9910,83600
1407250799,241.4700,242.0000,241.0000,241.8700,50800
1407251040,240.8300,241.6100,240.5200,241.3500,63400
1407251394,241.1000,241.5900,240.7500,240.8900,46600
1407251640,242.1600,242.3200,240.9700,241.2300,80000
1407251997,241.9200,242.5000,241.3400,242.2500,54500
1407252250,241.8058,241.9900,241.2100,241.9600,68500
1407252553,241.2500,241.8400,241.1100,241.7000,29300
1407252899,240.7400,241.4700,240.7400,241.1600,42500
1407253147,241.1000,241.3800,240.6300,240.9399,101700
1407253444,240.7700,241.2128,240.7700,241.0800,18900
1407253741,240.6010,241.0000,240.4000,240.8700,49600
1407254044,240.5544,240.6290,239.9000,240.5600,84500
1407254349,240.3900,240.8999,240.0201,240.6000,30000
1407254643,240.2800,240.9600,240.1200,240.3200,34900
1407254949,239.9900,240.2999,239.6400,240.2999,47200
1407255242,240.1000,240.4300,239.9201,240.0600,19200
1407255540,240.4100,240.4800,240.0900,240.2000,14500
1407255899,239.1100,240.7500,239.1100,240.3908,52800
1407256158,240.1800,240.3900,239.1600,239.1890,47500
1407256490,239.9990,240.2590,239.8000,240.2590,22100
1407256747,239.5800,240.1096,239.3003,239.9600,31000
1407257052,239.4180,239.8077,239.2000,239.6300,27600
1407257353,239.4850,239.9800,239.1000,239.5500,25900
1407257670,239.7000,239.7000,239.2353,239.4101,13300
1407257997,239.2746,239.7900,239.0601,239.5900,26100
1407258247,238.6500,239.4500,238.6100,239.3043,52700
1407258540,238.3800,238.7980,238.2648,238.7980,45300
1407258840,238.4800,238.5000,238.1100,238.3178,33800
1407259140,239.1700,239.3500,238.2001,238.2001,39800
1407259460,239.2274,239.2274,238.7800,239.0640,26600
1407259741,239.5000,239.6782,239.0950,239.2000,36300
1407260042,239.5800,239.5800,239.0900,239.4000,24500
1407260340,238.0000,239.6320,238.0000,239.5200,60100
1407260640,237.0917,238.3060,236.5701,238.0000,174900
1407260953,237.5000,237.9500,237.0000,237.0201,47800
1407261298,238.0340,238.1127,237.0400,237.7599,62800
1407261543,237.0400,237.9900,237.0400,237.9200,40200
1407261841,237.0000,237.4100,236.6200,237.0700,61800
1407262140,235.8600,236.9599,235.8500,236.8200,126300
1407262445,236.2900,236.8900,235.7500,235.9500,63300
1407262741,236.3800,236.6973,236.0420,236.4999,32200
1407263042,236.6990,237.4752,236.2000,236.2180,47300
1407263352,237.0900,237.2799,236.4200,236.6334,28600
1407263699,237.9400,237.9700,236.9800,237.1599,57200
1407263946,237.9400,238.5100,237.6000,237.9100,63000
1407264241,237.1501,237.9500,237.1300,237.8480,32200
1407264542,237.6100,238.3400,237.4400,237.4400,38800
1407264853,237.4855,237.8442,237.3200,237.8042,44400
1407265143,237.4000,238.0300,237.3700,237.3700,27600
1407265460,237.2400,237.6999,237.0802,237.4000,37100
1407265740,236.6000,237.4999,236.5000,237.1200,51000
1407266040,236.4800,237.0000,235.7500,236.6340,100600
1407266340,236.8700,237.0000,236.3500,236.5150,71200
1407266697,236.6150,237.0592,236.5300,236.8700,32100
1407266942,236.3900,236.9700,236.2100,236.7100,44600
1407267241,237.1656,237.1900,236.3188,236.3900,36200
1407267541,237.5000,237.8588,237.1800,237.1800,63800
1407267899,237.9400,237.9500,237.2700,237.4040,68900
1407268141,237.9150,238.0000,237.6500,237.9270,48600
1407268493,238.0400,238.3800,237.7900,237.8400,82000
1407268740,238.5300,238.8600,238.1000,238.1000,171100
1407268800,238.4900,238.4900,238.4900,238.4900,30100
1407332041,240.8500,241.4000,238.7001,239.6405,0
1407332340,241.9100,242.5600,240.3512,240.9200,250900
1407332640,242.1500,242.6900,241.7501,242.0200,152100
1407332943,242.3203,242.9000,241.1430,242.1300,197400
1407333245,242.0501,242.5966,241.7601,242.3690,81900
1407333599,241.0700,242.2500,240.7000,242.0600,116800
1407333841,242.2000,242.3790,240.9500,241.3700,90800
1407334140,242.0000,242.5000,241.8600,242.2772,58300
1407334440,243.2830,243.9100,241.9800,242.0900,243300
1407334740,242.9100,243.8000,242.5000,243.2000,105900
1407335044,243.8400,243.8500,242.8300,242.9900,109000
1407335399,243.7885,243.8400,243.2500,243.6800,89000
1407335640,243.7200,244.1100,243.5000,243.7500,164900
1407335948,243.4700,243.9400,243.1010,243.7300,74800
1407336241,243.8154,243.9400,243.3500,243.4915,81200
1407336599,244.9100,245.0000,243.5700,243.7400,223000
1407336899,246.4895,246.5400,244.5601,244.9100,398400
1407337141,247.4901,247.8400,246.2500,246.4101,259900
1407337443,246.9900,247.8799,246.5000,247.4900,230600
1407337740,247.2300,247.8000,246.8900,246.9100,134000
1407338040,246.4600,247.4700,246.2800,247.2323,174100
1407338341,246.9000,247.2000,246.1500,246.4200,76300
1407338645,247.4730,247.7000,246.6700,247.0000,83000
1407338940,246.8950,247.6699,246.8200,247.6600,75800
1407339240,247.0480,247.2760,246.5210,246.8844,78400
1407339598,246.6500,247.2900,246.6500,247.0500,57600
1407339840,247.8420,247.9890,246.6000,246.6900,107300
1407340142,247.9450,248.6599,247.3000,248.1800,179300
1407340499,248.3600,248.7300,247.6767,247.9699,107800
1407340742,248.7000,248.8800,248.1700,248.4000,119900
1407341099,249.2301,249.3000,248.4600,248.7200,142000
1407341399,248.1800,249.3300,248.1100,249.2560,101900
1407341699,248.2300,248.7400,248.0500,248.1900,84300
1407341940,247.8503,248.4000,247.7820,248.2300,87000
1407342241,248.2600,248.5700,247.6104,247.8600,56000
1407342543,247.7800,248.3199,247.7500,248.2500,53500
1407342844,248.3750,248.5000,247.7800,247.8110,42200
1407343140,248.1900,248.4400,247.8100,248.3450,57300
1407343447,248.1939,248.3100,247.8000,248.1100,30400
1407343740,247.9700,248.6000,247.9700,248.2700,45800
1407344045,248.4200,248.5000,247.9800,248.0906,44500
1407344340,248.0900,248.5900,247.9200,248.4100,74000
1407344699,247.7020,248.2200,247.7000,248.0400,57900
1407344940,247.7500,247.8900,247.3700,247.7999,80200
1407345242,248.0500,248.1600,247.5900,247.6400,37400
1407345599,249.1400,249.2800,248.0000,248.0900,124200
1407345841,249.1500,249.3100,248.7800,249.2100,80500
1407346199,249.4550,249.9800,249.1390,249.1390,201200
1407346444,249.4800,249.7300,249.3100,249.4700,115100
1407346743,249.5000,249.5800,249.2100,249.4800,62800
1407347040,250.9600,251.4200,249.4700,249.5500,327400
1407347341,249.6500,250.9900,249.5300,250.8245,133400
1407347643,248.9260,249.8100,248.6300,249.6000,131100
1407347999,248.8170,249.1600,248.6000,248.9000,98700
1407348240,248.7940,249.0000,248.2600,248.6609,129300
1407348598,249.3550,249.5500,248.7801,248.8601,83000
1407348841,249.5400,249.7350,249.1760,249.3550,90200
1407349142,249.5600,249.9900,249.4400,249.5100,92800
1407349443,249.6500,249.7500,249.3700,249.6000,50900
1407349740,250.5464,250.6260,249.5800,249.5800,142000
1407350099,249.8000,250.5987,249.7900,250.5000,102200
1407350399,250.2500,250.2500,249.2700,249.8400,122400
1407350640,250.9899,251.0000,250.0000,250.2500,124800
1407350944,250.6200,250.9600,250.4200,250.7600,74600
1407351299,250.6800,251.1799,250.6100,250.6400,106200
1407351540,250.4239,250.8600,250.3200,250.6800,65800
1407351842,250.3100,250.4999,249.9900,250.3101,90300
1407352142,249.7701,250.6400,249.6000,250.3874,71800
1407352499,249.5000,249.7900,248.8800,249.6820,108900
1407352748,249.3999,249.6600,249.1420,249.5000,76000
1407353043,249.6800,249.7100,249.2000,249.3598,66900
1407353397,249.4300,249.9400,249.3300,249.6200,81100
1407353647,249.2899,249.6500,248.8300,249.3900,92000
1407353997,249.3200,249.6000,249.0000,249.1800,81600
1407354244,249.0000,249.5100,248.8800,249.3600,107200
1407354599,249.0999,249.3799,248.9700,249.0000,100600
1407354840,248.9000,249.2000,248.8900,249.0600,160300
1407355140,248.9300,249.3700,248.8800,248.9600,235000
1407355200,248.9300,248.9300,248.9300,248.9300,38500
1407418440,251.3000,252.1100,249.5100,250.2000,0
1407418741,251.0599,251.9200,250.5500,251.2620,164000
1407419097,250.5767,251.0500,249.3800,250.8400,195200
1407419341,251.0000,251.7300,250.0900,250.3000,127600
1407419640,252.6700,252.9000,251.0000,251.0400,197200
1407419940,253.3200,254.2277,252.6900,252.6900,226800
1407420240,252.8500,254.0000,252.3000,253.4471,178600
1407420540,253.1599,253.4400,252.5200,252.9500,82100
1407420896,252.5967,253.2200,252.5100,253.0000,88600
1407421141,253.4500,253.7000,252.6800,252.7100,95600
1407421499,255.2100,255.2100,253.4000,253.4000,328400
1407421742,254.6000,256.1800,254.2250,255.1380,320100
1407422040,256.2500,256.6880,254.4554,254.6070,239600
1407422340,255.3300,256.3800,255.0000,256.2410,168100
1407422640,255.9300,256.2373,255.0500,255.3513,162200
1407422940,254.1300,256.2000,253.8000,255.8400,207400
1407423241,253.9100,254.2980,253.2000,254.1500,172800
1407423541,254.7084,254.8900,253.7201,254.0999,92100
1407423840,254.2000,254.6600,254.0000,254.5900,74400
1407424140,254.3400,254.6500,253.5700,254.1883,57300
1407424499,253.2825,254.6099,253.2000,254.4000,80600
1407424743,254.5600,254.9200,253.2201,253.2610,92600
1407425042,254.9000,255.1800,254.3200,254.5600,80500
1407425344,254.4700,255.0700,254.1200,254.8250,41400
1407425689,254.4500,255.0000,253.8100,254.4006,79200
1407425997,254.0000,254.5999,253.8100,254.4100,33900
1407426299,254.0088,254.0761,253.7000,254.0100,42600
1407426541,253.1400,254.0900,252.7200,253.9400,108900
1407426841,253.2000,253.7968,252.8800,253.1800,72700
1407427145,253.3610,253.4500,252.7100,253.0501,62800
1407427443,253.5601,253.8700,252.8700,253.3000,44300
1407427740,254.2000,254.5000,253.5400,253.7232,97200
1407428042,254.1000,254.5000,253.9090,254.2000,42400
1407428344,253.7400,254.3600,253.6101,254.2700,69800
1407428642,254.8520,254.8520,253.6200,253.8500,79500
1407428945,254.8171,255.5000,254.4500,254.7200,188600
1407429240,254.0500,254.7900,253.9200,254.7000,62500
1407429541,253.4600,254.3100,253.2800,254.2400,85600
1407429899,253.6905,254.0900,253.0500,253.5030,49800
1407430140,254.3710,254.4800,253.4001,253.6010,41800
1407430498,253.6500,254.4200,253.4600,254.2000,42800
1407430745,253.0100,253.8420,253.0100,253.7550,42600
1407431041,253.1549,253.5500,252.7700,253.0500,58100
1407431396,253.0700,253.4900,252.9200,253.0100,75400
1407431642,252.8000,253.3400,252.5200,253.1800,61800
1407431945,252.8600,253.0600,252.5200,252.8300,42300
1407432241,252.5400,252.8307,252.2101,252.8307,60700
1407432545,252.7000,253.2400,252.2650,252.5360,46600
1407432895,252.9700,253.1899,252.7600,252.8300,29700
1407433173,252.8900,252.9700,252.5600,252.9700,27500
1407433441,254.0321,254.1800,252.8100,252.9500,94900
1407433747,254.0728,254.2500,253.7700,254.1500,57200
1407434040,253.8700,254.3600,253.5004,254.0400,65300
1407434343,254.1500,254.3800,253.5700,253.7900,32600
1407434640,254.0400,254.5640,253.8300,254.1530,66900
1407434943,254.1000,254.3430,253.8100,254.0400,41600
1407435242,253.9400,254.1890,253.6189,254.0100,30100
1407435540,253.3903,253.9499,253.1200,253.9499,27800
1407435852,252.8400,253.4200,252.8200,253.4200,32200
1407436156,253.3045,253.3045,252.5101,252.8500,49500
1407436498,253.0100,253.4000,252.7800,253.1200,35200
1407436750,253.0000,253.3300,252.7600,253.0100,47500
1407437042,253.1700,253.9150,253.0201,253.0700,27400
1407437396,253.2700,253.4400,253.0400,253.2600,21600
1407437699,252.6522,253.3480,252.5400,253.2250,37200
1407437940,252.4300,252.9900,252.3100,252.6600,43500
1407438251,252.5214,253.1500,252.4270,252.5258,34900
1407438548,252.5900,252.9246,252.0800,252.5200,63300
1407438842,252.2300,252.9600,252.1900,252.7300,34600
1407439199,251.5225,252.3664,251.2800,252.3400,119300
1407439497,251.6000,251.7600,250.6500,251.5200,96800
1407439799,251.5438,251.7400,251.0200,251.5690,43400
1407440040,251.4100,251.7070,250.8500,251.4640,84100
1407440344,251.2500,251.4299,250.9000,251.3000,61900
1407440642,251.2100,251.6000,251.0000,251.2100,72300
1407440999,251.7923,252.0000,251.1000,251.2900,107800
1407441240,252.7590,252.7800,251.7900,251.7915,126400
1407441540,252.4000,252.7800,252.0100,252.6900,194100
1407441600,252.3900,252.3900,252.3900,252.3900,25700
1407504840,250.4700,251.7600,249.5800,251.0500,0
1407505140,250.2800,251.6700,250.0000,250.7965,143100
1407505440,249.3970,250.2300,248.5800,250.1950,212400
1407505740,249.0100,249.5910,248.5600,249.2100,181600
1407506042,248.6700,249.7700,248.6100,248.9500,126100
1407506399,248.5700,249.3400,248.1701,248.6100,175300
1407506642,248.5400,248.9869,248.3100,248.8900,95700
1407506941,247.8500,249.0000,247.5400,248.6200,189700
1407507244,247.0957,248.5800,246.9200,247.9200,133400
1407507540,247.3000,247.6400,246.5000,247.1800,166500
1407507899,247.7500,247.8900,247.1900,247.2750,58800
1407508140,247.3999,247.8500,247.1800,247.7200,112300
1407508442,247.0000,247.5000,246.6025,247.4000,108900
1407508740,247.1700,247.3400,246.7800,246.8260,55400
1407509040,248.1599,248.1599,247.1200,247.1600,117600
1407509397,248.6100,248.9800,248.0101,248.0800,136100
1407509660,248.3300,248.9000,248.3300,248.6099,48100
1407509955,248.2200,248.5800,248.0900,248.3000,43200
1407510243,248.5000,248.5000,247.7700,248.1060,44300
1407510543,247.9700,248.6200,247.9700,248.5000,51800
1407510840,248.4100,248.7100,248.0000,248.0000,37600
1407511141,248.3127,248.6000,248.1200,248.3884,27900
1407511440,247.8300,248.3000,247.6500,248.2500,47400
1407511756,248.1900,248.3000,247.7800,247.8200,31100
1407512056,247.8550,248.4500,247.6300,248.1520,33900
1407512362,247.4800,247.9700,247.3000,247.9100,32900
1407512699,247.0000,247.4700,246.7000,247.4000,125000
1407512944,246.9400,247.3400,246.8100,247.0999,30700
1407513245,247.4400,247.4600,246.7100,246.9200,34900
1407513555,247.8100,248.0500,247.3800,247.4490,60700
1407513842,248.1400,248.2000,247.8700,247.8700,24400
1407514140,247.5500,248.2700,247.5500,248.0801,31100
1407514491,247.5900,247.8300,247.3100,247.6226,28800
1407514740,247.9100,247.9600,247.2520,247.7160,29100
1407515044,247.6300,247.9400,247.5300,247.8200,17800
1407515351,247.4600,247.7200,246.9000,247.6000,41900
1407515646,246.9700,247.3900,246.9700,247.3200,26800
1407515999,247.4095,247.4100,246.9000,246.9800,22400
1407516258,247.4301,247.6500,247.2600,247.3932,24000
1407516593,247.3700,247.4550,247.1400,247.4400,19500
1407516842,247.6900,247.9000,247.2000,247.2000,16800
1407517161,247.7200,247.8199,247.5800,247.6900,10800
1407517441,247.6500,247.7600,247.2300,247.7000,27400
1407517741,247.6600,247.8800,247.4600,247.7800,14300
1407518042,247.7800,247.8800,247.6000,247.6600,35800
1407518399,247.7799,247.9500,247.5300,247.7000,24300
1407518640,247.8800,247.9000,247.5700,247.7800,42000
1407518940,248.2300,248.4800,247.7700,247.8800,62900
1407519248,249.4400,249.4400,248.3300,248.3300,87900
1407519544,249.2101,249.7700,249.2000,249.4400,62500
1407519846,249.5699,249.7100,249.2000,249.3300,38700
1407520140,249.0305,249.7500,249.0305,249.4472,34300
1407520440,248.6810,249.3900,248.6700,249.0840,57400
1407520742,249.1300,249.3099,248.6801,248.8200,38900
1407521099,248.8900,249.2599,248.8500,249.1500,28000
1407521342,248.8200,249.2100,248.7600,248.8200,30900
1407521695,248.8250,248.8700,248.6800,248.8200,33000
1407521945,249.2489,249.2900,248.7800,248.8050,36400
1407522244,249.4200,249.4200,249.0200,249.2500,22000
1407522599,249.2200,249.4700,249.1400,249.4100,23600
1407522840,249.1600,249.4900,249.0001,249.2200,27600
1407523141,249.2476,249.4399,249.0901,249.1501,16600
1407523446,249.0400,249.4800,249.0000,249.2600,34900
1407523743,249.2799,249.4500,249.0400,249.1600,34400
1407524056,248.8400,249.3200,248.7700,249.2360,37100
1407524399,248.0800,248.9200,247.9500,248.8348,42200
1407524667,248.4000,248.7800,248.0800,248.0800,40100
1407524945,248.4000,248.7400,246.9000,248.4700,39800
1407525291,248.1200,248.3600,248.0100,248.3500,36500
1407525541,248.2900,248.4800,248.0300,248.1200,28200
1407525841,248.1600,248.5200,247.9170,248.2000,47200
1407526195,248.3200,248.6500,248.1450,248.2000,35800
1407526498,248.3360,248.7500,248.3000,248.3621,42600
1407526788,248.8531,248.8531,248.2900,248.2900,60100
1407527097,248.9500,248.9700,248.6500,248.8100,50000
1407527341,248.9200,249.2500,248.8000,248.9600,89600
1407527698,248.3500,248.9100,248.1100,248.9100,113900
1407527941,248.4400,248.4400,248.4400,248.4400,0
1407527999,248.1400,248.7000,248.1200,248.3100,235200
1407528000,248.1300,248.1300,248.1300,248.1300,42900
