20130812,66.7657,66.9500,65.2329,65.2657,91108496
20130813,69.9386,70.6657,66.8643,67.2771,220485296
20130814,71.2143,72.0357,70.4857,71.1257,189093104
20130815,71.1300,71.7714,69.8686,70.9171,122573504
20130816,71.7614,71.8486,71.2657,71.4500,90576496
20130819,72.5343,73.3914,72.0000,72.0486,127629600
20130820,71.5814,72.9386,71.5457,72.8157,89672096
20130821,71.7657,72.4500,71.6000,71.9414,83969904
20130822,71.8514,72.2271,71.1714,72.1400,61051900
20130823,71.5743,71.9071,71.3357,71.8957,55682900
20130826,71.8529,72.8857,71.5000,71.5357,82741400
20130827,69.7986,71.7871,69.4714,71.1429,106047200
20130828,70.1286,70.8286,69.4286,69.4286,76902000
20130829,70.2429,70.9286,70.1614,70.2357,59914400
20130830,69.6029,70.4214,69.5000,70.2857,68074304
20130903,69.7971,71.5143,69.6214,70.4429,82982200
20130904,71.2414,71.7486,70.8971,71.3657,86258200
20130905,70.7529,71.5257,70.5200,71.4643,59091900
20130906,71.1743,71.3400,69.9929,71.2057,89881400
20130909,72.3100,72.5600,71.9257,72.1429,85171800
20130910,70.6629,72.4929,69.9286,72.3143,185798896
20130911,66.8157,67.6700,66.4014,66.7157,224674096
20130912,67.5271,67.9143,66.5729,66.9286,101012800
20130913,66.4143,67.4043,66.3857,67.0486,74708896
20130916,64.3029,65.9443,63.8886,65.8571,135926704
20130917,65.0457,65.6729,63.9286,63.9943,99845200
20130918,66.3829,66.6214,65.8086,66.1686,114215504
20130919,67.4714,67.9757,67.0357,67.2429,101135296
20130920,66.7729,68.3643,66.5714,68.2857,174825696
20130923,70.0914,70.9871,68.9429,70.8714,190526704
20130924,69.8714,70.7814,69.6886,70.6971,91086096
20130925,68.7900,69.9486,68.7757,69.8857,79239296
20130926,69.4600,69.7943,69.1286,69.4286,59305400
20130927,68.9643,69.2386,68.6743,69.1114,57010100
20130930,68.1071,68.8086,67.7729,68.1786,65039100
20131001,69.7086,69.8771,68.3400,68.3500,88470896
20131002,69.9371,70.2571,69.1071,69.3757,72296000
20131003,69.0586,70.3357,68.6771,70.0729,80688304
20131004,69.0043,69.2286,68.3714,69.1229,64717100
20131007,69.6786,70.3786,69.3357,69.5086,78073104
20131008,68.7057,70.0914,68.6486,69.9914,72729296
20131009,69.5129,69.6843,68.3257,69.2343,75431296
20131010,69.9486,70.3400,69.5771,70.1886,69650704
20131011,70.4014,70.5486,69.3086,69.5700,66934700
20131014,70.8629,71.0829,69.9071,69.9757,65474500
20131015,71.2400,71.7143,70.7886,71.0729,80018400
20131016,71.5871,71.7900,71.3186,71.5414,62775300
20131017,72.0714,72.1114,71.3829,71.4257,63398300
20131018,72.6986,72.7514,72.2443,72.2843,72635504
20131021,74.4800,74.9000,73.0743,73.1100,99526704
20131022,74.2671,75.4929,72.5757,75.2014,133515904
20131023,74.9943,75.0957,74.1429,74.1429,78430800
20131024,75.9871,76.0671,74.6357,75.0000,96191200
20131025,75.1371,76.1757,75.0157,75.9029,84448000
20131028,75.6971,75.8571,74.7443,75.5771,137610208
20131029,73.8114,77.0357,73.5057,76.6100,158951808
20131030,74.9857,75.3600,73.8600,74.2300,88540896
20131031,74.6714,75.3557,74.4671,75.0000,68924096
20131101,74.2900,74.9714,73.6914,74.8600,68722496
20131104,75.2500,75.2600,74.1157,74.4429,61156900
20131105,75.0643,75.5557,74.7143,74.9400,66303300
20131106,74.4171,74.9800,74.0286,74.8786,55843900
20131107,73.2129,74.7414,73.1971,74.2257,65655100
20131108,74.3657,74.4471,73.2271,73.5114,69829200
20131111,74.1500,74.5243,73.4871,74.2843,56863100
20131112,74.2871,74.8457,73.8571,73.9529,51069200
20131113,74.3757,74.6071,73.8514,74.0000,49305200
20131114,75.4514,75.6114,74.5529,74.6871,70604800
20131115,74.9986,75.5843,74.9271,75.2257,79480096
20131118,74.0900,75.3129,74.0286,74.9986,61236000
20131119,74.2214,74.7686,73.9957,74.1471,52234700
20131120,73.5714,74.3457,73.4757,74.1757,48479200
20131121,74.4486,74.4586,73.3814,73.9429,65506700
20131122,74.2571,74.5943,74.0757,74.2171,55931400
20131125,74.8200,75.1243,74.4286,74.4314,57327900
20131126,76.2000,76.5914,74.8571,74.8743,100345696
20131127,77.9943,78.0000,76.2000,76.6157,90862096
20131129,79.4386,79.7614,78.2586,78.4971,79531904
20131202,78.7471,80.6186,78.6886,79.7143,118136200
20131203,80.9029,80.9114,79.6686,79.7571,112742000
20131204,80.7143,81.3129,80.1171,80.7857,94452400
20131205,81.1286,82.1629,80.9157,81.8071,111895000
20131206,80.0029,80.9643,79.9386,80.8271,86088096
20131209,80.9186,81.3686,80.1286,80.1286,80123400
20131210,80.7929,81.1257,80.1714,80.5114,69567400
20131211,80.1943,81.5671,79.9557,81.0000,89929696
20131212,80.0771,80.7629,80.0043,80.3057,65572500
20131213,79.2043,80.4114,79.0957,80.4071,83205504
20131216,79.6429,80.3771,79.2871,79.2886,70648200
20131217,79.2843,79.9200,79.0543,79.4014,57475600
20131218,78.6814,78.7786,76.9714,78.5286,141465792
20131219,77.7800,78.5714,77.6757,78.5000,80077200
20131220,78.4314,78.8014,77.8314,77.9186,109103400
20131223,81.4414,81.5314,80.3943,81.1429,125326600
20131224,81.0957,81.6971,80.8614,81.4129,41888700
20131226,80.5571,81.3571,80.4829,81.1571,51002000
20131227,80.0129,80.6300,79.9286,80.5457,56471100
20131230,79.2171,80.0129,78.9029,79.6371,63407400
20131231,80.1457,80.1829,79.1429,79.1671,55771100
20140102,79.0186,79.5757,78.8600,79.3829,58671200
20140103,77.2829,79.1000,77.2043,78.9800,98116896
20140106,77.7043,78.1143,76.2286,76.7786,103152704
20140107,77.1486,77.9943,76.8457,77.7600,79302304
20140108,77.6371,77.9371,76.9557,76.9729,64632400
20140109,76.6457,78.1229,76.4786,78.1143,69787200
20140110,76.1343,77.2571,75.8729,77.1186,76244000
20140113,76.5329,77.5000,75.6971,75.7014,94623200
20140114,78.0557,78.1043,76.8086,76.8886,83140400
20140115,79.6229,80.0286,78.8086,79.0743,97909696
20140116,79.1786,79.5500,78.8114,79.2714,57319500
20140117,77.2386,78.8671,77.1286,78.7829,106684896
20140121,78.4386,78.5814,77.2029,77.2843,82131696
20140122,78.7871,79.6129,78.2586,78.7014,94996304
20140123,79.4543,79.5000,77.8300,78.5629,100809800
20140124,78.0100,79.3743,77.8214,79.1429,107338704
20140127,78.6429,79.2571,77.9643,78.5814,138719696
20140128,72.3571,73.5714,71.7243,72.6800,266380800
20140129,71.5357,72.4814,71.2314,71.9929,125702496
20140130,71.3971,72.3571,70.9571,71.7914,169625408
20140131,71.5143,71.6471,70.5071,70.7400,116199296
20140203,71.6471,72.5329,71.3286,71.8014,100366000
20140204,72.6843,72.7800,71.8229,72.2643,94170304
20140205,73.2271,73.6114,72.3214,72.3657,82086200
20140206,73.2157,73.3571,72.5443,72.8657,64441300
20140207,74.2400,74.7043,73.9114,74.4829,92570096
20140210,75.5700,75.9986,74.0000,74.0943,86389800
20140211,76.5657,76.8214,75.6429,75.8014,70564200
20140212,76.5600,77.0800,76.1771,76.7071,77025200
20140213,77.7757,77.8357,76.3143,76.3800,76849504
20140214,77.7129,77.9971,77.3157,77.4957,68231104
20140218,77.9986,78.7414,77.9443,78.0000,65062900
20140219,76.7671,78.1271,76.3357,77.8214,78442000
20140220,75.8786,76.7143,75.5714,76.1414,76464496
20140221,75.0357,76.3671,74.9429,76.1129,69696200
20140224,75.3643,75.7029,74.6314,74.7357,72227400
20140225,74.5800,75.6529,74.4286,75.6257,57988000
20140226,73.9071,75.0000,73.6571,74.8014,69054304
20140227,75.3814,75.5400,73.7214,73.8771,75470496
20140228,75.1771,76.1071,74.5886,75.5829,92992200
20140303,75.3943,75.8071,74.6871,74.7743,59695300
20140304,75.8914,76.0914,75.3957,75.8571,64785000
20140305,76.0514,76.3929,75.5900,75.8457,50015700
20140306,75.8214,76.3486,75.4429,76.1129,46372200
20140307,75.7771,75.9971,75.1500,75.8700,55182400
20140310,75.8457,76.1900,75.4771,75.4800,44646000
20140311,76.5843,76.9629,76.0843,76.4929,69806096
20140312,76.6586,76.7643,76.0000,76.3586,49831600
20140313,75.8071,77.0943,75.5943,76.7771,64435700
20140314,74.9557,75.8414,74.7143,75.5414,59299800
20140317,75.2486,75.7100,75.1214,75.3857,49886200
20140318,75.9143,75.9957,75.0286,75.1286,52411800
20140319,75.8943,76.6057,75.5714,76.0371,56189000
20140320,75.5286,76.0957,75.3357,75.6986,52099600
20140321,76.1243,76.2500,75.1900,75.9900,93511600
20140324,77.0271,77.2143,76.4371,76.9171,88925200
20140325,77.8557,77.9643,77.0843,77.3571,70573296
20140326,77.1114,78.4286,76.9800,78.0743,74942000
20140327,76.7800,77.3571,76.4457,77.1457,55507900
20140328,76.6943,76.9914,76.3214,76.9029,50141000
20140331,76.6771,77.2586,76.5614,77.0329,42167300
20140401,77.3786,77.4100,76.6814,76.8229,50190000
20140402,77.5071,77.6400,77.1800,77.4829,45105200
20140403,76.9700,77.5000,76.8057,77.3414,40586000
20140404,75.9743,77.1429,75.7971,77.1157,68812800
20140407,74.7814,75.8429,74.5557,75.4314,72462600
20140408,74.7771,75.1600,74.1000,75.0271,60972100
20140409,75.7600,75.7843,74.5743,74.6629,51542400
20140410,74.7829,76.0343,74.7386,75.8114,59913000
20140411,74.2300,74.6900,73.8771,74.1429,67929400
20140414,74.5257,74.5943,73.8871,74.5571,51418500
20140415,73.9943,74.5200,73.0471,74.3243,66622500
20140416,74.1443,74.4414,73.4486,74.0071,53691400
20140417,74.9914,75.3943,74.1714,74.2857,71083600
20140421,75.8814,76.0200,74.8514,75.0486,45637200
20140422,75.9571,75.9757,75.2143,75.4729,50640800
20140423,74.9643,75.8757,74.9214,75.5800,98735000
20140424,81.1100,81.4286,80.1043,81.1729,189977904
20140425,81.7057,81.7129,80.5657,80.6471,97568800
20140428,84.8700,85.1071,81.7929,81.8286,167371392
20140429,84.6186,85.1400,84.2157,84.8200,84344400
20140430,84.2986,85.6329,84.2571,84.6629,114160200
20140501,84.4971,84.9714,83.7657,84.5714,61012000
20140502,84.6543,84.8857,84.2443,84.6200,47878600
20140505,85.8514,85.8571,84.2857,84.3057,71766800
20140506,84.9157,86.3443,84.9157,85.9714,93641104
20140507,84.6186,85.3271,83.9614,85.0357,70716096
20140508,83.9986,84.9157,83.7714,84.0357,57574300
20140509,83.6486,83.7500,82.9043,83.5057,72899400
20140512,84.6900,84.8086,83.9143,83.9271,53302200
20140513,84.8229,84.9343,84.3857,84.5714,39934300
20140514,84.8386,85.3429,84.5343,84.6329,41601000
20140515,84.1171,85.2286,84.0057,84.9571,57711500
20140516,85.3586,85.3614,83.6286,84.0900,69064096
20140519,86.3700,86.7614,85.3329,85.4071,79438800
20140520,86.3871,86.6286,85.8186,86.3586,58709000
20140521,86.6157,86.6714,86.0086,86.2614,49214900
20140522,86.7529,87.1214,86.3000,86.6571,50190000
20140523,87.7329,87.8186,86.6386,86.7500,58052400
20140527,89.3757,89.4086,87.9471,87.9829,87216496
20140528,89.1443,89.9757,89.1114,89.4314,78870400
20140529,90.7686,90.9814,89.6814,89.6929,94118496
20140530,90.4286,92.0243,89.8429,91.1400,141005200
20140602,89.8071,90.6900,88.9286,90.5657,92337696
20140603,91.0771,91.2486,89.7500,89.7800,73177296
20140604,92.1171,92.5557,90.8729,91.0629,83870496
20140605,92.4786,92.7671,91.8014,92.3143,75951400
20140606,92.2243,93.0371,92.0671,92.8429,87484600
20140609,93.7000,93.8800,91.7500,92.7000,75415000
20140610,94.2500,95.0500,93.5700,94.7300,62777000
20140611,93.8600,94.7600,93.4700,94.1300,45681000
20140612,92.2900,94.1200,91.9000,94.0400,54749000
20140613,91.2800,92.4400,90.8800,92.2000,54525000
20140616,92.2000,92.7500,91.4500,91.5100,35561000
20140617,92.0800,92.7000,91.8000,92.3100,29726000
20140618,92.1800,92.2900,91.3500,92.2700,33514000
20140619,91.8600,92.3000,91.3400,92.2900,35528000
20140620,90.9100,92.5500,90.9000,91.8500,100898000
20140623,90.8300,91.6200,90.6000,91.3200,43694000
20140624,90.2800,91.7400,90.1900,90.7500,39036000
20140625,90.3600,90.7000,89.6500,90.2100,36869000
20140626,90.9000,91.0500,89.8000,90.3700,32629000
20140627,91.9800,92.0000,90.7700,90.8200,64029000
20140630,92.9300,93.7300,92.0900,92.1000,49589000
20140701,93.5200,94.0700,93.1300,93.5200,38223000
20140702,93.4800,94.0600,93.0900,93.8700,28465000
20140703,94.0300,94.1000,93.2000,93.6700,22891800
20140707,95.9700,95.9900,94.1000,94.1400,56468000
20140708,95.3500,96.8000,93.9200,96.2700,65222000
20140709,95.3900,95.9500,94.7600,95.4400,36436000
20140710,95.0400,95.5500,93.5200,93.7600,39686000
20140711,95.2200,95.8900,94.8600,95.3600,34018000
20140714,96.4500,96.8900,95.6500,95.8600,42810000
20140715,95.3200,96.8500,95.0300,96.8000,45477900
20140716,94.7800,97.1000,94.7400,96.9700,53502000
20140717,93.0900,95.2800,92.5700,95.0300,57298000
20140718,94.4300,94.7400,93.0200,93.6200,49988000
20140721,93.9400,95.0000,93.7200,94.9900,39079000
20140722,94.7200,94.8900,94.1200,94.6800,55197000
20140723,97.1900,97.8800,95.1700,95.4200,92918000
20140724,97.0300,97.3200,96.4200,97.0400,45729000
20140725,97.6700,97.8400,96.6400,96.8500,43469000
20140728,99.0200,99.2400,97.5500,97.8200,55318000
20140729,98.3800,99.4400,98.2500,99.3300,43143000
20140730,98.1500,98.7000,97.6700,98.4400,33010000
20140731,95.6000,97.4500,95.3300,97.1600,56843000
20140801,96.1300,96.6200,94.8100,94.9000,48511000
20140804,95.5900,96.5800,95.1700,96.3700,39958000
20140805,95.1200,95.6800,94.3600,95.3600,55933000
20140806,94.9600,95.4800,94.7100,94.7500,38558000
20140807,94.4800,95.9500,94.1000,94.9300,46711000
20140808,94.7400,94.8200,93.2800,94.2600,41825300
20110811,53.3857,53.6357,52.1029,52.9314,185492304
20110812,53.8557,54.2343,53.4614,54.0100,132244000
20110815,54.7729,54.9957,54.0129,54.2329,115136000
20110816,54.3543,54.7671,53.7229,54.5029,124687504
20110817,54.3486,54.9314,54.0000,54.6157,110515296
20110818,52.2929,53.2357,51.6243,52.9771,212858800
20110819,50.8614,52.4286,50.8571,51.7386,193972096
20110822,50.9200,52.1257,50.7271,52.0729,133828800
20110823,53.3714,53.3771,51.0000,51.4714,164208800
20110824,53.7400,54.1371,52.9429,53.3529,156566896
20110825,53.3886,53.6357,52.1429,52.1543,217836496
20110826,54.7971,54.8286,52.9714,53.0243,160369296
20110829,55.7100,55.9286,55.4286,55.4543,101317296
20110830,55.7129,55.9771,55.1729,55.4643,104480600
20110831,54.9757,56.0114,54.5514,55.7957,130646600
20110901,54.4329,55.3343,54.3886,55.1171,85931296
20110902,53.4357,54.0000,53.1186,53.5343,109734800
20110906,54.2486,54.3329,52.3543,52.4814,127424496
20110907,54.8471,55.0857,54.5714,55.0800,87644200
20110908,54.8771,55.5157,54.6157,54.6286,104039600
20110909,53.9257,55.1429,53.5743,54.8471,141203296
20110912,54.2771,54.4114,53.1286,53.2857,116958096
20110913,54.9457,55.1729,54.3214,54.5914,110140096
20110914,55.6143,56.0300,55.1086,55.2886,133681104
20110915,56.1371,56.2371,55.7000,55.9186,104454704
20110916,57.2143,57.2143,56.4329,56.5057,174628304
20110919,58.8043,59.0329,56.4571,56.7143,205965200
20110920,59.0643,60.4086,58.7414,59.3214,193938496
20110921,58.8771,60.2271,58.8571,59.9486,151494000
20110922,57.4029,58.5457,56.6714,57.2900,242120192
20110923,57.7571,58.1057,57.1214,57.1829,136569296
20110926,57.5957,57.7114,55.9000,57.1229,203219104
20110927,57.0371,58.4643,56.8657,58.3900,158124400
20110928,56.7157,57.6771,56.6443,57.1700,107409400
20110929,55.7957,57.4586,55.1729,57.4171,162771696
20110930,54.4743,55.5557,54.4543,55.3029,136910208
20111003,53.5143,54.6629,53.3100,54.3386,167274800
20111004,53.2143,54.5429,50.6057,53.5100,308419296
20111005,54.0357,54.2600,51.4714,52.5514,196617408
20111006,53.9100,54.9686,53.1143,53.3329,203145600
20111007,52.8286,53.9629,52.6414,53.6829,133864496
20111010,55.5443,55.5443,54.0300,54.1557,110628704
20111011,57.1843,57.5971,55.9286,56.0814,151421904
20111012,57.4557,58.4643,57.1629,58.1914,155571504
20111013,58.3471,58.3471,57.5500,57.8543,106546304
20111014,60.2857,60.2857,59.3243,59.5471,143341792
20111017,59.9986,60.9571,59.4200,60.2486,171511200
20111018,60.3200,60.6871,59.4271,60.2514,220400608
20111019,56.9457,58.3457,56.8286,57.3357,276014912
20111020,56.4729,57.1929,56.3157,57.1429,137317600
20111021,56.1243,57.0200,55.8214,56.8714,155311104
20111024,57.9671,58.0714,56.4857,56.5971,125534496
20111025,56.8243,58.0786,56.7686,57.8614,107606800
20111026,57.2286,57.5071,56.1643,57.3943,114076200
20111027,57.8129,58.4286,57.4129,58.2229,123666200
20111028,57.8500,58.0500,57.5014,57.5714,80710704
20111031,57.8257,58.4757,57.2929,57.4886,96375296
20111101,56.6443,57.0714,56.1743,56.7729,132947504
20111102,56.7729,57.2057,56.4443,57.1557,81837696
20111103,57.5814,57.6286,56.4800,57.0100,110346600
20111104,57.1771,57.6343,57.0229,57.4329,75557296
20111107,57.1043,57.1429,56.5900,57.1300,67568896
20111108,58.0329,58.2857,57.3657,57.4586,100110496
20111109,56.4686,57.2700,56.3186,56.7100,139671008
20111110,55.0314,56.7443,54.5929,56.7186,186188096
20111111,54.9457,55.5286,54.3229,55.2300,163446496
20111114,54.1800,55.0357,54.0286,54.7886,108226304
20111115,55.5471,55.6429,54.2071,54.4000,107702704
20111116,54.9671,55.8771,54.9029,55.6071,87302600
20111117,53.9157,54.9400,53.6429,54.8543,119975104
20111118,53.5629,54.2843,53.5543,54.1314,92984496
20111121,52.7157,53.0971,52.2729,52.9143,111995104
20111122,53.7871,53.9900,52.9914,53.0029,102255296
20111123,52.4271,53.6914,52.4114,53.5014,107067800
20111125,51.9386,53.0214,51.9029,52.6314,63690200
20111128,53.7314,53.8171,52.9043,53.1929,86603296
20111129,53.3143,54.1186,52.8857,53.6914,93963800
20111130,54.6000,54.6114,54.0429,54.4700,101484600
20111201,55.4186,55.5714,54.3929,54.6486,96795296
20111202,55.6714,56.2329,55.5114,55.6900,94763904
20111205,56.1443,56.6300,55.7700,56.2129,89302496
20111206,55.8500,56.3757,55.6257,56.0729,70899504
20111207,55.5843,55.8486,55.2514,55.7043,76186600
20111208,55.8086,56.5000,55.7471,55.9214,94089104
20111209,56.2314,56.2914,55.8614,56.1214,74248304
20111212,55.9771,56.2714,55.6357,55.9543,75266800
20111213,55.5443,56.4857,55.3000,56.1429,84732200
20111214,54.3129,55.3400,53.9543,55.2429,101721904
20111215,54.1343,54.8200,54.0443,54.7614,64050000
20111216,54.4314,54.8786,54.2243,54.3371,105369600
20111219,54.6014,54.9786,54.3543,54.6386,58882600
20111220,56.5643,56.5857,55.3229,55.3943,84303800
20111221,56.6357,56.7571,56.0014,56.6700,65737000
20111222,56.9357,57.0186,56.5857,56.7143,50589700
20111223,57.6186,57.6557,57.0700,57.0986,67349800
20111227,58.0757,58.4414,57.5743,57.5857,66269000
20111228,57.5200,58.3214,57.3343,58.1271,57165500
20111229,57.8743,57.9500,57.2157,57.6286,53994500
20111230,57.8571,58.0400,57.6414,57.6443,44915500
20120103,58.7471,58.9286,58.4286,58.4857,75555200
20120104,59.0629,59.2400,58.4686,58.5714,65005500
20120105,59.7186,59.7929,58.9529,59.2786,67817400
20120106,60.3429,60.3929,59.8886,59.9671,79573200
20120109,60.2471,61.1071,60.1929,60.7857,98506096
20120110,60.4629,60.8571,60.2143,60.8443,64549100
20120111,60.3643,60.4071,59.9014,60.3829,53771200
20120112,60.1986,60.4143,59.8214,60.3257,53146800
20120113,59.9729,60.0643,59.8086,59.9571,56505400
20120117,60.6714,60.8557,60.4229,60.6000,60724300
20120118,61.3014,61.3529,60.9000,60.9943,69197800
20120119,61.1071,61.6243,60.9300,61.4500,65434600
20120120,60.0429,61.0714,59.9643,61.0700,103493600
20120123,61.0586,61.2071,60.3286,60.3814,76515600
20120124,60.0586,60.7286,59.9357,60.7286,136909504
20120125,63.8086,64.9214,63.3900,64.9200,239578496
20120126,63.5186,64.1129,63.3057,64.0514,80996304
20120127,63.8971,64.0686,63.3957,63.4771,74927296
20120130,64.7157,64.8429,63.6271,63.6729,94835296
20120131,65.2114,65.4629,64.7243,65.0843,97920896
20120201,65.1700,65.5700,65.0786,65.4871,67511504
20120202,65.0171,65.3100,64.8543,65.1286,46699100
20120203,65.6686,65.7143,65.0800,65.3286,71649904
20120206,66.2814,66.4257,65.4571,65.4829,62353200
20120207,66.9757,67.1071,66.3686,66.4643,79055904
20120208,68.0971,68.1129,67.1000,67.2143,101972496
20120209,70.4529,70.9643,68.6514,68.6800,221053696
20120210,70.4886,71.0886,69.7929,70.1371,157825504
20120213,71.8000,71.9757,71.0129,71.3614,129304000
20120214,72.7800,72.7943,71.7143,72.0943,115099600
20120215,71.0957,75.1843,70.9843,73.4657,376529984
20120216,71.7443,72.1271,69.5186,70.2143,236138000
20120217,71.7314,72.5386,71.4714,71.8729,133951296
20120221,73.5500,73.5500,72.0171,72.4114,151398800
20120222,73.2914,73.6414,72.7243,73.2971,120825600
20120223,73.7700,73.9757,72.7857,73.5829,142006896
20120224,74.6300,74.7000,74.0914,74.2386,103768000
20120227,75.1086,75.5000,73.7543,74.4729,136895504
20120228,76.4871,76.4871,75.1214,75.4229,150096800
20120229,77.4914,78.2300,76.5286,77.3657,238002800
20120301,77.7814,78.3157,76.9671,78.3100,170817504
20120302,77.8829,78.1143,77.5029,77.7486,107928096
20120305,76.1657,78.2114,75.1429,77.9171,202281104
20120306,75.7514,76.2414,73.7457,74.8086,202559696
20120307,75.8129,76.8257,74.7571,76.6857,199630208
20120308,77.4271,77.5700,76.0171,76.3843,129114304
20120309,77.8814,78.2486,77.5871,77.7443,104729800
20120312,78.8571,78.8571,78.1429,78.4257,101820600
20120313,81.1571,81.1686,79.3929,79.6486,172713792
20120314,84.2257,84.9600,82.2000,82.5786,354711008
20120315,83.6514,85.7157,82.6500,85.6586,289929504
20120316,83.6529,84.1714,82.5714,83.5314,206371904
20120319,85.8714,85.9671,84.1500,85.4814,225308992
20120320,86.5657,86.7000,84.4971,85.6443,204165504
20120321,86.0714,87.0929,85.9157,86.1057,161010496
20120322,85.6200,86.3571,85.0757,85.3971,155967696
20120323,85.1500,85.9714,84.9143,85.7843,107622200
20120326,86.7114,86.7357,85.0371,85.6843,148935504
20120327,87.7829,88.0400,86.5800,86.5971,151782400
20120328,88.2314,88.7786,87.1871,88.3400,163865104
20120329,87.1229,88.0800,86.7471,87.5400,152059600
20120330,85.6500,87.2229,85.4200,86.9671,182759504
20120402,88.3757,88.3957,85.7686,85.9757,149587904
20120403,89.9029,90.3157,88.9300,89.6143,208639904
20120404,89.1871,89.4086,88.1429,89.1929,143245200
20120405,90.5257,90.6657,89.0571,89.5686,160324496
20120409,90.8900,91.4057,89.3286,89.4471,149384192
20120410,89.7771,92.0000,89.4286,91.4186,222431296
20120411,89.4571,90.9814,89.0486,90.8857,174153696
20120412,88.9671,90.1900,88.6429,89.2857,153584192
20120413,86.4614,89.2429,86.2157,89.1586,214911200
20120416,82.8757,87.1829,82.6071,87.1514,262696704
20120417,87.1000,87.1429,81.7014,82.7057,256382000
20120418,86.9057,88.6071,86.1014,87.6743,238632800
20120419,83.9200,86.3900,83.5029,85.7457,208679808
20120420,81.8543,84.9457,81.4886,84.4829,257746304
20120423,81.6714,82.3814,79.5171,81.5157,241632304
20120424,80.0400,81.0986,79.2857,80.3729,269037312
20120425,87.1429,88.2857,86.5714,87.9486,226444400
20120426,86.8143,87.8129,86.0186,87.7529,134017104
20120427,86.1429,86.5971,85.7857,86.4386,101680600
20120430,83.4257,85.4857,83.2857,85.4000,126536200
20120501,83.1614,85.2514,83.0329,83.5571,152749792
20120502,83.7114,83.9143,82.6943,82.8914,106847296
20120503,83.1171,84.4857,82.9000,84.3571,97637400
20120504,80.7500,82.6229,80.7386,82.4400,132498096
20120507,81.3543,81.8243,80.1757,80.2143,115029600
20120508,81.1686,81.6429,79.8186,81.3686,124313000
20120509,81.3114,81.9971,80.1214,80.5286,120176000
20120510,81.5029,82.2686,81.2057,82.0829,83300000
20120511,80.9586,82.0671,80.6214,80.7143,99886496
20120514,79.7457,81.0729,79.6571,80.3671,88156600
20120515,79.0243,80.4600,78.8214,80.2071,119084000
20120516,78.0114,79.5557,77.2914,79.1500,140224000
20120517,75.7314,78.2143,75.7314,77.9014,179304992
20120518,75.7686,77.6300,74.5971,76.2800,183073104
20120521,80.1829,80.2200,76.2929,76.3571,157776496
20120522,79.5671,81.9829,78.9400,81.3643,173717600
20120523,81.5086,81.8286,79.0329,79.6429,146224400
20120524,80.7600,82.3571,80.1757,82.2671,124057504
20120525,80.3271,80.8357,79.7814,80.6557,82126800
20120529,81.7529,82.0000,80.7586,81.5571,95127200
20120530,82.7386,82.8557,80.9371,81.3143,132357400
20120531,82.5329,83.0714,81.6371,82.9629,122918600
20120601,80.1414,81.8071,80.0743,81.3086,130246896
20120604,80.6129,81.0714,78.3571,80.2143,139248896
20120605,80.4043,80.9243,79.7614,80.1814,97053600
20120606,81.6371,81.9786,80.7857,81.1100,100363904
20120607,81.6743,82.4743,81.5000,82.4700,94941696
20120608,82.9029,82.9400,81.2857,81.6571,86879104
20120611,81.5957,84.0714,81.5186,83.9600,147816192
20120612,82.3086,82.3743,80.9571,82.0657,108845104
20120613,81.7371,82.6400,81.4829,82.0743,73395000
20120614,81.6471,81.9286,81.0371,81.6057,86393296
20120615,82.0186,82.0886,81.3643,81.5714,83813800
20120618,83.6829,83.9843,81.4814,81.5657,110103000
20120619,83.9157,84.2857,83.3000,83.3429,90351104
20120620,83.6771,84.1786,82.9714,84.0300,89735800
20120621,82.5243,84.0314,82.4914,83.6343,81587800
20120622,83.1571,83.1700,82.2029,82.7200,71117904
20120625,81.5386,82.8286,81.4814,82.4714,76095600
20120626,81.7186,82.0700,81.0471,81.6186,69134096
20120627,82.0714,82.3914,81.7029,82.1429,50749300
20120628,81.2929,82.0000,80.8014,81.6671,70709104
20120629,83.4286,83.4286,82.0357,82.5714,105375200
20120702,84.6457,84.7814,83.3714,83.5329,100023000
20120703,85.6300,85.7143,84.8571,84.9829,60428200
20120705,87.1343,87.7629,85.6643,85.7943,121095800
20120706,86.5543,86.9200,85.9400,86.7271,104732600
20120709,87.6986,87.7000,86.3014,86.4714,94851400
20120710,86.8871,88.5529,86.4729,88.2814,127989400
20120711,86.3471,86.8086,85.3171,86.5886,117330496
20120712,85.5571,86.2100,84.6686,85.7486,107010400
20120713,86.4243,86.7414,85.7143,86.1357,77856800
20120716,86.7014,87.3743,86.4314,86.4457,75315104
20120717,86.7057,87.3571,86.1643,87.2557,73406200
20120718,86.6086,86.9057,86.2229,86.6557,63175000
20120719,87.7600,87.9071,86.5714,87.3257,109215400
20120720,86.3286,87.7771,86.2429,87.5757,99367800
20120723,86.2614,86.5571,83.9586,84.9143,121993904
20120724,85.8457,87.0971,85.5014,86.7686,141283104
20120725,82.1386,82.9714,81.4286,82.0657,219328192
20120726,82.1257,82.9143,81.4800,82.8229,101658200
20120727,83.5943,83.6900,81.6557,82.1443,100984096
20120730,85.0043,85.6343,83.9743,84.4171,94785600
20120731,87.2514,87.3857,86.1029,86.1757,115581904
20120801,86.6871,88.0571,86.1429,87.9871,96125400
20120802,86.8271,87.2414,85.7500,86.1200,83039600
20120803,87.9571,88.2829,87.3657,87.6614,86230200
20120806,88.9357,89.2671,87.8943,88.1843,75525800
20120807,88.7014,89.2857,88.2914,88.9671,72611696
20120808,88.5514,89.1257,88.1571,88.4843,61176500
20120809,88.6757,88.8186,88.2571,88.2643,55410600
20120810,88.8143,88.8229,88.3857,88.3871,48734700
20120813,90.0000,90.0000,89.0357,89.0557,69708096
20120814,90.2414,91.2300,90.0300,90.2671,85042304
20120815,90.1186,90.5714,89.6786,90.1857,64335600
20120816,90.9057,90.9657,90.0714,90.1729,63633500
20120817,92.5871,92.5986,91.2586,91.4286,110690304
20120820,95.0214,95.0214,92.8429,92.8586,153346208
20120821,93.7229,96.4114,92.9043,95.8314,203179904
20120822,95.5529,95.5714,92.5871,93.4886,141330704
20120823,94.6614,95.7000,94.4500,95.1586,105032200
20120824,94.7457,95.6400,93.6500,94.2157,109335104
20120827,96.5257,97.2671,96.2200,97.1414,106752096
20120828,96.4000,96.5857,95.8100,96.4257,66854200
20120829,96.2100,96.8100,96.0857,96.4643,50701700
20120830,94.8386,95.9357,94.6929,95.8057,75674896
20120831,95.0343,95.5143,93.8929,95.3214,84580304
20120904,96.4243,96.4486,94.9286,95.1086,91973000
20120905,95.7471,96.6214,95.6571,96.5100,84093800
20120906,96.6100,96.8986,95.8286,96.1671,97799104
20120907,97.2057,97.4971,96.5386,96.8643,82416600
20120910,94.6771,97.6129,94.5857,97.2071,121999504
20120911,94.3700,95.7286,93.7857,95.0157,125995800
20120912,95.6843,95.7000,93.7143,95.2643,178058304
20120913,97.5686,97.9286,96.3957,96.7671,149590000
20120914,98.7543,99.5686,98.2700,98.5657,150118496
20120917,99.9686,99.9714,99.2300,99.9071,99507800
20120918,100.2729,100.3329,99.4886,99.9829,93375800
20120919,100.3000,100.5700,99.9386,100.0371,81718704
20120920,99.8143,100.0086,99.0886,99.8800,84142096
20120921,100.0129,100.7243,99.9086,100.3443,142897296
20120924,98.6843,99.3029,97.5714,98.1229,159941600
20120925,96.2200,98.9686,96.1429,98.3229,129697400
20120926,95.0257,96.0986,94.4571,95.5343,144125792
20120927,97.3314,97.4529,94.3357,94.8986,148522496
20120928,95.3000,97.3014,95.2500,96.9643,133777696
20121001,94.1986,96.6786,93.7857,95.8800,135898704
20121002,94.4729,95.1929,92.9500,94.5443,156998096
20121003,95.9214,95.9800,94.6614,94.9800,106070304
20121004,95.2571,96.3214,95.0786,95.8929,92681400
20121005,93.2271,95.1429,93.0400,95.0286,148501504
20121008,91.1671,92.5086,90.8729,92.4114,159498496
20121009,90.8357,91.4986,89.0786,91.2357,209649296
20121010,91.5586,92.1400,91.0000,91.3914,127589000
20121011,89.7286,92.4571,89.7286,92.3571,136520304
20121012,89.9586,90.7686,89.3286,89.9371,115003696
20121015,90.6800,90.7329,89.1214,90.3357,108125504
20121016,92.8271,92.9000,90.1429,90.7671,137442896
20121017,92.0871,93.2557,92.0000,92.6957,97259400
20121018,90.3771,91.7229,90.0000,91.3700,119156096
20121019,87.1200,90.2529,87.0886,90.1500,186021504
20121022,90.5757,90.7686,87.2514,87.4886,136682704
20121023,87.6229,90.5571,87.3857,90.1429,176786400
20121024,88.1186,89.5071,87.2343,88.7771,139631808
20121025,87.0771,88.8571,86.5071,88.5714,164081408
20121026,86.2857,87.7143,84.4286,87.0614,254608192
20121031,85.0457,85.9943,83.9571,84.9829,127500800
20121101,85.2200,86.1429,84.8814,85.4600,90324496
20121102,82.4000,85.2786,82.1071,85.1271,149843392
20121105,83.5171,83.9671,82.5143,83.3600,132283904
20121106,83.2643,84.3914,82.8700,84.3186,93729296
20121107,79.7143,82.0771,79.3929,81.9771,198412192
20121108,76.8214,80.3186,76.4700,80.0900,264036496
20121109,78.1514,79.2686,76.2457,77.2029,232478400
20121112,77.5471,79.2143,76.9500,79.1643,128950496
20121113,77.5571,78.6400,76.6229,76.9871,133237296
20121114,76.6971,78.2071,76.5971,77.9286,119292600
20121115,75.0886,77.0714,74.6600,76.7900,197477696
20121116,75.3829,75.7143,72.2500,75.0286,316723392
20121119,80.8186,81.0714,77.1257,77.2443,205829408
20121120,80.1300,81.7071,79.2257,81.7014,160688496
20121121,80.2429,81.0529,79.5143,80.6071,93250496
20121123,81.6429,81.7143,80.3714,81.0243,68206600
20121126,84.2186,84.2857,81.9586,82.2714,157644896
20121127,83.5400,84.3457,82.8714,84.2214,133332496
20121128,83.2771,83.6857,81.7514,82.4671,130216096
20121129,84.1943,84.8929,83.6071,84.3171,128674704
20121130,83.6114,84.0571,83.2400,83.8271,97829904
20121203,83.7414,84.9414,83.6429,84.8071,91070000
20121204,82.2643,83.1143,81.7329,83.1143,139267104
20121205,76.9700,81.3214,76.9671,81.2729,261159504
20121206,78.1771,79.0443,74.0900,75.5629,294303104
20121207,76.1786,79.3143,75.7143,79.0571,196760192
20121210,75.6886,76.9300,74.5114,75.0000,157621104
20121211,77.3414,78.5086,76.7671,77.1100,148086400
20121212,77.0000,78.2857,76.6100,78.2529,121786000
20121213,75.6700,76.8057,75.1143,75.8786,156314896
20121214,72.8271,74.0186,72.2257,73.5357,252394800
20121217,74.1186,74.2857,71.6043,72.7043,189401792
20121218,76.2714,76.4143,74.3214,75.0000,156421296
20121219,75.1871,76.2429,75.0714,75.9243,112342304
20121220,74.5329,75.7429,74.1257,75.7143,120422400
20121221,74.1900,74.2386,72.8914,73.2100,149067104
20121224,74.3100,74.8929,74.1014,74.3357,43938300
20121226,73.2857,74.2086,73.0171,74.1429,75609104
20121227,73.5800,73.7500,72.0943,73.3629,113780096
20121228,72.7986,73.4971,72.5886,72.8986,88569600
20121231,76.0243,76.4857,72.7143,72.9329,164873104
20130102,78.4329,79.2857,77.3757,79.1171,140129504
20130103,77.4429,78.5243,77.2857,78.2686,88241296
20130104,75.2857,76.9471,75.1186,76.7100,148583392
20130107,74.8429,75.6143,73.6000,74.5714,121039104
20130108,75.0443,75.9843,74.4643,75.6014,114676800
20130109,73.8714,75.0014,73.7129,74.6429,101901104
20130110,74.7871,75.5314,73.6457,75.5071,150286496
20130111,74.3286,75.0457,74.1457,74.4286,87626704
20130114,71.6786,72.5000,71.2157,71.8114,183551904
20130115,69.4171,71.2843,69.0543,71.1857,219193104
20130116,72.2986,72.7771,70.3571,70.6629,172701200
20130117,71.8114,72.9643,71.7186,72.9014,113419600
20130118,71.4286,71.7457,70.9143,71.2171,118230704
20130122,72.1100,72.5543,70.9471,72.0800,115386600
20130123,73.4300,73.5700,72.1100,72.6871,215377408
20130124,64.3571,66.5329,64.3214,65.7143,365213088
20130125,62.8400,65.1757,62.1429,64.5271,302006592
20130128,64.2614,64.7443,62.2657,62.5471,196379392
20130129,65.4671,65.7429,64.5886,65.5000,142789504
20130130,65.2614,66.0857,64.9286,65.2857,104288800
20130131,65.0700,65.6114,64.9971,65.2829,79833600
20130201,64.8029,65.6400,64.0500,65.5871,134871104
20130204,63.1886,65.1343,63.1429,64.8443,119279296
20130205,65.4057,65.6771,63.1743,63.4357,143336896
20130206,65.3357,66.6429,64.6543,65.2100,148426592
20130207,66.8886,67.1429,64.8743,66.1786,176145200
20130208,67.8543,68.4014,66.8929,67.7143,158289600
20130211,68.5614,69.2771,67.6071,68.0714,129372600
20130212,66.8429,68.9114,66.8200,68.5014,152263296
20130213,66.7157,67.6629,66.1743,66.7443,118801904
20130214,66.6557,67.3771,66.2886,66.3600,88818800
20130215,65.7371,67.1657,65.7029,66.9786,97936304
20130219,65.7129,66.1043,64.8357,65.8714,108945904
20130220,64.1214,65.3843,64.1143,65.3843,119075600
20130221,63.7229,64.1671,63.2600,63.7143,111795600
20130222,64.4014,64.5143,63.8000,64.1786,82663696
20130225,63.2571,65.0171,63.2243,64.8357,93144800
20130226,64.1386,64.5057,62.5229,63.4029,125374896
20130227,63.5100,64.6343,62.9500,64.0614,146837600
20130228,63.0571,63.9814,63.0571,63.4357,80628800
20130301,61.4957,62.5971,61.4257,62.5714,138112096
20130304,60.0071,61.1714,59.8571,61.1143,145688896
20130305,61.5914,62.1700,60.1071,60.2114,159608400
20130306,60.8086,62.1786,60.6329,62.0729,115062496
20130307,61.5114,61.7157,60.1514,60.6429,117118400
20130308,61.6743,62.2043,61.2300,61.4000,97870496
20130311,62.5529,62.7157,60.7343,61.3929,118559000
20130312,61.2043,62.6971,61.0814,62.2286,116477904
20130313,61.1929,62.0714,60.7657,61.2071,101387296
20130314,61.7857,62.0914,61.4929,61.8329,75968896
20130315,63.3800,63.4614,62.4643,62.5614,160990208
20130318,65.1029,65.3514,63.0286,63.0643,151549296
20130319,64.9271,65.8529,64.0714,65.6429,131693800
20130320,64.5829,65.3757,64.2271,65.3457,77165200
20130321,64.6757,65.4257,64.3000,64.3171,95813904
20130322,65.9871,66.0143,64.7300,64.9400,98776304
20130325,66.2257,67.1357,65.9686,66.3843,125283904
20130326,65.8771,66.5486,65.7900,66.4914,73573504
20130327,64.5829,65.2571,64.3900,65.2086,82809296
20130328,63.2371,64.5457,63.0886,64.2600,110709904
20130401,61.2729,63.3857,61.1057,63.1286,97433000
20130402,61.3986,62.5914,60.9143,61.0857,132379800
20130403,61.7129,62.4686,61.4729,61.6243,90804000
20130404,61.1029,62.1429,60.7500,61.9657,89611904
20130405,60.4571,60.7071,59.9543,60.6429,95923800
20130408,60.8871,61.0714,60.3557,60.6929,75207296
20130409,60.9971,61.2143,60.3929,60.9086,76653504
20130410,62.2414,62.4371,60.8586,61.1571,93982000
20130411,62.0471,62.5700,61.6000,61.9600,82091104
20130412,61.4000,62.0214,61.2986,62.0214,59653300
20130415,59.9786,61.1271,59.9357,61.0000,79380000
20130416,60.8914,60.9443,60.0814,60.2243,76442800
20130417,57.5429,60.0857,56.8729,60.0386,236264000
20130418,56.0071,57.9700,55.6771,57.8557,166574800
20130419,55.7900,57.0857,55.0143,55.4243,152318592
20130422,56.9529,57.4571,55.8957,56.0914,107480096
20130423,58.0186,58.3400,56.9729,57.7129,166059600
20130424,57.9229,59.3214,56.0714,56.2200,242412800
20130425,58.3400,59.1343,58.1429,58.7471,96209400
20130426,59.6000,59.8243,58.3214,58.5443,191024400
20130429,61.4457,61.9457,60.0000,60.0643,160081600
20130430,63.2543,63.6071,61.7243,62.1571,172884608
20130501,62.7557,63.5614,62.0557,63.4943,126727296
20130502,63.6457,64.0843,62.9471,63.1114,105457104
20130503,64.2829,64.7471,64.1643,64.4729,90325200
20130506,65.8157,66.0286,64.9014,65.1014,124160400
20130507,65.5229,66.5357,64.8143,66.4243,120938304
20130508,66.2629,66.4814,65.1157,65.5771,118149504
20130509,65.2529,66.1429,65.0829,65.6871,99621904
20130510,64.7100,65.6729,64.3543,65.4243,83713000
20130513,64.9629,65.4143,64.5000,64.5014,79237200
20130514,63.4086,65.0286,63.1643,64.8357,111779504
20130515,61.2643,63.0000,60.3371,62.7371,185403392
20130516,62.0829,62.5500,59.8429,60.4629,150800992
20130517,61.8943,62.8700,61.5729,62.7214,106976096
20130520,63.2757,63.6857,61.4429,61.7014,112894600
20130521,62.8086,63.6400,62.0286,62.5929,114005504
20130522,63.0500,64.0500,62.6029,63.4357,110759600
20130523,63.1629,63.7371,62.2557,62.2786,88255296
20130524,63.5929,63.6657,62.9086,62.9786,69041696
20130528,63.0629,64.4443,62.9786,64.2714,96536304
20130529,63.5643,63.9286,62.7714,62.8571,82644096
20130530,64.5114,64.9286,63.5014,63.6643,88379904
20130531,64.2471,65.3000,64.2143,64.6429,96075696
20130603,64.3886,64.6229,63.2114,64.3900,93088096
20130604,64.1871,64.9186,63.9129,64.7457,73182200
20130605,63.5871,64.3886,63.3871,63.6643,72647400
20130606,62.6371,63.8571,62.0071,63.6386,104233504
20130607,63.1157,63.3200,61.8243,62.3571,101133904
20130610,62.6986,64.1543,62.4000,63.5329,112538304
20130611,62.5143,63.2514,61.9029,62.2486,71528096
20130612,61.7414,63.0357,61.6429,62.7857,66306800
20130613,62.2800,62.4486,61.2500,61.7857,71458096
20130614,61.4357,62.3271,61.2143,62.2000,67966496
20130617,61.7143,62.2429,61.4800,61.6343,64853600
20130618,61.6814,62.1286,61.4586,61.6514,48756400
20130619,60.4286,61.6657,60.4286,61.6286,77735000
20130620,59.5486,60.8543,59.3100,59.9000,89327696
20130621,59.0714,60.0000,58.3000,59.7843,120279600
20130624,57.5057,58.3800,56.8643,58.2000,120186496
20130625,57.5186,58.2557,56.9757,57.9571,78540704
20130626,56.8671,57.8271,56.5229,57.7000,91931000
20130627,56.2543,57.3414,56.2200,57.0357,84311504
20130628,56.6471,57.1814,55.5529,55.9086,144629104
20130701,58.4600,58.8957,57.3171,57.5271,97763400
20130702,59.7843,60.2329,58.4957,58.5657,117466304
20130703,60.1143,60.4257,59.6357,60.1229,60232200
20130705,59.6314,60.4700,59.3357,60.0557,68506200
20130708,59.2929,60.1429,58.6643,60.0157,74534600
20130709,60.3357,60.5000,58.6257,59.0857,88146096
20130710,60.1043,60.6857,59.7500,59.9429,70351400
20130711,61.0414,61.1786,60.1671,60.4214,81573104
20130712,60.9300,61.3986,60.4871,61.0929,69890800
20130715,61.0629,61.6371,60.6857,60.7157,60479300
20130716,61.4571,61.5300,60.5957,60.9314,54134500
20130717,61.4729,61.7457,61.1743,61.3857,49747600
20130718,61.6800,62.1243,61.5157,61.9114,54719700
20130719,60.7071,61.9971,60.6214,61.8714,67180400
20130722,60.9014,61.3929,60.7814,61.3514,51949100
20130723,59.8557,60.9943,59.8157,60.8571,92348896
20130724,62.9300,63.5129,62.1800,62.7043,147984192
20130725,62.6429,63.0571,62.2586,62.9571,57373400
20130726,62.9986,63.0057,62.0486,62.1857,50038100
20130729,63.9700,64.2843,62.8857,62.9714,62014400
20130730,64.7600,65.3071,64.1757,64.2800,77355600
20130731,64.6471,65.3343,64.2043,64.9986,80739400
20130801,65.2400,65.2571,64.7514,65.1071,51562700
20130802,66.0771,66.1214,65.2371,65.4300,68695904
20130805,67.0643,67.2386,66.0214,66.3843,79713904
20130806,66.4643,67.4129,66.0243,66.8600,83714400
20130807,66.4257,66.7143,65.9671,66.2571,74714496
20130808,65.8586,66.3000,65.4214,66.2657,63944300
20130809,64.9214,65.7800,64.8071,65.5200,66716300
20130812,66.7657,66.9500,65.2329,65.2657,91108496
20130813,69.9386,70.6657,66.8643,67.2771,220485296
20130814,71.2143,72.0357,70.4857,71.1257,189093104
20130815,71.1300,71.7714,69.8686,70.9171,122573504
20130816,71.7614,71.8486,71.2657,71.4500,90576496
20130819,72.5343,73.3914,72.0000,72.0486,127629600
20130820,71.5814,72.9386,71.5457,72.8157,89672096
20130821,71.7657,72.4500,71.6000,71.9414,83969904
20130822,71.8514,72.2271,71.1714,72.1400,61051900
20130823,71.5743,71.9071,71.3357,71.8957,55682900
20130826,71.8529,72.8857,71.5000,71.5357,82741400
20130827,69.7986,71.7871,69.4714,71.1429,106047200
20130828,70.1286,70.8286,69.4286,69.4286,76902000
20130829,70.2429,70.9286,70.1614,70.2357,59914400
20130830,69.6029,70.4214,69.5000,70.2857,68074304
20130903,69.7971,71.5143,69.6214,70.4429,82982200
20130904,71.2414,71.7486,70.8971,71.3657,86258200
20130905,70.7529,71.5257,70.5200,71.4643,59091900
20130906,71.1743,71.3400,69.9929,71.2057,89881400
20130909,72.3100,72.5600,71.9257,72.1429,85171800
20130910,70.6629,72.4929,69.9286,72.3143,185798896
20130911,66.8157,67.6700,66.4014,66.7157,224674096
20130912,67.5271,67.9143,66.5729,66.9286,101012800
20130913,66.4143,67.4043,66.3857,67.0486,74708896
20130916,64.3029,65.9443,63.8886,65.8571,135926704
20130917,65.0457,65.6729,63.9286,63.9943,99845200
20130918,66.3829,66.6214,65.8086,66.1686,114215504
20130919,67.4714,67.9757,67.0357,67.2429,101135296
20130920,66.7729,68.3643,66.5714,68.2857,174825696
20130923,70.0914,70.9871,68.9429,70.8714,190526704
20130924,69.8714,70.7814,69.6886,70.6971,91086096
20130925,68.7900,69.9486,68.7757,69.8857,79239296
20130926,69.4600,69.7943,69.1286,69.4286,59305400
20130927,68.9643,69.2386,68.6743,69.1114,57010100
20130930,68.1071,68.8086,67.7729,68.1786,65039100
20131001,69.7086,69.8771,68.3400,68.3500,88470896
20131002,69.9371,70.2571,69.1071,69.3757,72296000
20131003,69.0586,70.3357,68.6771,70.0729,80688304
20131004,69.0043,69.2286,68.3714,69.1229,64717100
20131007,69.6786,70.3786,69.3357,69.5086,78073104
20131008,68.7057,70.0914,68.6486,69.9914,72729296
20131009,69.5129,69.6843,68.3257,69.2343,75431296
20131010,69.9486,70.3400,69.5771,70.1886,69650704
20131011,70.4014,70.5486,69.3086,69.5700,66934700
20131014,70.8629,71.0829,69.9071,69.9757,65474500
20131015,71.2400,71.7143,70.7886,71.0729,80018400
20131016,71.5871,71.7900,71.3186,71.5414,62775300
20131017,72.0714,72.1114,71.3829,71.4257,63398300
20131018,72.6986,72.7514,72.2443,72.2843,72635504
20131021,74.4800,74.9000,73.0743,73.1100,99526704
20131022,74.2671,75.4929,72.5757,75.2014,133515904
20131023,74.9943,75.0957,74.1429,74.1429,78430800
20131024,75.9871,76.0671,74.6357,75.0000,96191200
20131025,75.1371,76.1757,75.0157,75.9029,84448000
20131028,75.6971,75.8571,74.7443,75.5771,137610208
20131029,73.8114,77.0357,73.5057,76.6100,158951808
20131030,74.9857,75.3600,73.8600,74.2300,88540896
20131031,74.6714,75.3557,74.4671,75.0000,68924096
20131101,74.2900,74.9714,73.6914,74.8600,68722496
20131104,75.2500,75.2600,74.1157,74.4429,61156900
20131105,75.0643,75.5557,74.7143,74.9400,66303300
20131106,74.4171,74.9800,74.0286,74.8786,55843900
20131107,73.2129,74.7414,73.1971,74.2257,65655100
20131108,74.3657,74.4471,73.2271,73.5114,69829200
20131111,74.1500,74.5243,73.4871,74.2843,56863100
20131112,74.2871,74.8457,73.8571,73.9529,51069200
20131113,74.3757,74.6071,73.8514,74.0000,49305200
20131114,75.4514,75.6114,74.5529,74.6871,70604800
20131115,74.9986,75.5843,74.9271,75.2257,79480096
20131118,74.0900,75.3129,74.0286,74.9986,61236000
20131119,74.2214,74.7686,73.9957,74.1471,52234700
20131120,73.5714,74.3457,73.4757,74.1757,48479200
20131121,74.4486,74.4586,73.3814,73.9429,65506700
20131122,74.2571,74.5943,74.0757,74.2171,55931400
20131125,74.8200,75.1243,74.4286,74.4314,57327900
20131126,76.2000,76.5914,74.8571,74.8743,100345696
20131127,77.9943,78.0000,76.2000,76.6157,90862096
20131129,79.4386,79.7614,78.2586,78.4971,79531904
20131202,78.7471,80.6186,78.6886,79.7143,118136200
20131203,80.9029,80.9114,79.6686,79.7571,112742000
20131204,80.7143,81.3129,80.1171,80.7857,94452400
20131205,81.1286,82.1629,80.9157,81.8071,111895000
20131206,80.0029,80.9643,79.9386,80.8271,86088096
20131209,80.9186,81.3686,80.1286,80.1286,80123400
20131210,80.7929,81.1257,80.1714,80.5114,69567400
20131211,80.1943,81.5671,79.9557,81.0000,89929696
20131212,80.0771,80.7629,80.0043,80.3057,65572500
20131213,79.2043,80.4114,79.0957,80.4071,83205504
20131216,79.6429,80.3771,79.2871,79.2886,70648200
20131217,79.2843,79.9200,79.0543,79.4014,57475600
20131218,78.6814,78.7786,76.9714,78.5286,141465792
20131219,77.7800,78.5714,77.6757,78.5000,80077200
20131220,78.4314,78.8014,77.8314,77.9186,109103400
20131223,81.4414,81.5314,80.3943,81.1429,125326600
20131224,81.0957,81.6971,80.8614,81.4129,41888700
20131226,80.5571,81.3571,80.4829,81.1571,51002000
20131227,80.0129,80.6300,79.9286,80.5457,56471100
20131230,79.2171,80.0129,78.9029,79.6371,63407400
20131231,80.1457,80.1829,79.1429,79.1671,55771100
20140102,79.0186,79.5757,78.8600,79.3829,58671200
20140103,77.2829,79.1000,77.2043,78.9800,98116896
20140106,77.7043,78.1143,76.2286,76.7786,103152704
20140107,77.1486,77.9943,76.8457,77.7600,79302304
20140108,77.6371,77.9371,76.9557,76.9729,64632400
20140109,76.6457,78.1229,76.4786,78.1143,69787200
20140110,76.1343,77.2571,75.8729,77.1186,76244000
20140113,76.5329,77.5000,75.6971,75.7014,94623200
20140114,78.0557,78.1043,76.8086,76.8886,83140400
20140115,79.6229,80.0286,78.8086,79.0743,97909696
20140116,79.1786,79.5500,78.8114,79.2714,57319500
20140117,77.2386,78.8671,77.1286,78.7829,106684896
20140121,78.4386,78.5814,77.2029,77.2843,82131696
20140122,78.7871,79.6129,78.2586,78.7014,94996304
20140123,79.4543,79.5000,77.8300,78.5629,100809800
20140124,78.0100,79.3743,77.8214,79.1429,107338704
20140127,78.6429,79.2571,77.9643,78.5814,138719696
20140128,72.3571,73.5714,71.7243,72.6800,266380800
20140129,71.5357,72.4814,71.2314,71.9929,125702496
20140130,71.3971,72.3571,70.9571,71.7914,169625408
20140131,71.5143,71.6471,70.5071,70.7400,116199296
20140203,71.6471,72.5329,71.3286,71.8014,100366000
20140204,72.6843,72.7800,71.8229,72.2643,94170304
20140205,73.2271,73.6114,72.3214,72.3657,82086200
20140206,73.2157,73.3571,72.5443,72.8657,64441300
20140207,74.2400,74.7043,73.9114,74.4829,92570096
20140210,75.5700,75.9986,74.0000,74.0943,86389800
20140211,76.5657,76.8214,75.6429,75.8014,70564200
20140212,76.5600,77.0800,76.1771,76.7071,77025200
20140213,77.7757,77.8357,76.3143,76.3800,76849504
20140214,77.7129,77.9971,77.3157,77.4957,68231104
20140218,77.9986,78.7414,77.9443,78.0000,65062900
20140219,76.7671,78.1271,76.3357,77.8214,78442000
20140220,75.8786,76.7143,75.5714,76.1414,76464496
20140221,75.0357,76.3671,74.9429,76.1129,69696200
20140224,75.3643,75.7029,74.6314,74.7357,72227400
20140225,74.5800,75.6529,74.4286,75.6257,57988000
20140226,73.9071,75.0000,73.6571,74.8014,69054304
20140227,75.3814,75.5400,73.7214,73.8771,75470496
20140228,75.1771,76.1071,74.5886,75.5829,92992200
20140303,75.3943,75.8071,74.6871,74.7743,59695300
20140304,75.8914,76.0914,75.3957,75.8571,64785000
20140305,76.0514,76.3929,75.5900,75.8457,50015700
20140306,75.8214,76.3486,75.4429,76.1129,46372200
20140307,75.7771,75.9971,75.1500,75.8700,55182400
20140310,75.8457,76.1900,75.4771,75.4800,44646000
20140311,76.5843,76.9629,76.0843,76.4929,69806096
20140312,76.6586,76.7643,76.0000,76.3586,49831600
20140313,75.8071,77.0943,75.5943,76.7771,64435700
20140314,74.9557,75.8414,74.7143,75.5414,59299800
20140317,75.2486,75.7100,75.1214,75.3857,49886200
20140318,75.9143,75.9957,75.0286,75.1286,52411800
20140319,75.8943,76.6057,75.5714,76.0371,56189000
20140320,75.5286,76.0957,75.3357,75.6986,52099600
20140321,76.1243,76.2500,75.1900,75.9900,93511600
20140324,77.0271,77.2143,76.4371,76.9171,88925200
20140325,77.8557,77.9643,77.0843,77.3571,70573296
20140326,77.1114,78.4286,76.9800,78.0743,74942000
20140327,76.7800,77.3571,76.4457,77.1457,55507900
20140328,76.6943,76.9914,76.3214,76.9029,50141000
20140331,76.6771,77.2586,76.5614,77.0329,42167300
20140401,77.3786,77.4100,76.6814,76.8229,50190000
20140402,77.5071,77.6400,77.1800,77.4829,45105200
20140403,76.9700,77.5000,76.8057,77.3414,40586000
20140404,75.9743,77.1429,75.7971,77.1157,68812800
20140407,74.7814,75.8429,74.5557,75.4314,72462600
20140408,74.7771,75.1600,74.1000,75.0271,60972100
20140409,75.7600,75.7843,74.5743,74.6629,51542400
20140410,74.7829,76.0343,74.7386,75.8114,59913000
20140411,74.2300,74.6900,73.8771,74.1429,67929400
20140414,74.5257,74.5943,73.8871,74.5571,51418500
20140415,73.9943,74.5200,73.0471,74.3243,66622500
20140416,74.1443,74.4414,73.4486,74.0071,53691400
20140417,74.9914,75.3943,74.1714,74.2857,71083600
20140421,75.8814,76.0200,74.8514,75.0486,45637200
20140422,75.9571,75.9757,75.2143,75.4729,50640800
20140423,74.9643,75.8757,74.9214,75.5800,98735000
20140424,81.1100,81.4286,80.1043,81.1729,189977904
20140425,81.7057,81.7129,80.5657,80.6471,97568800
20140428,84.8700,85.1071,81.7929,81.8286,167371392
20140429,84.6186,85.1400,84.2157,84.8200,84344400
20140430,84.2986,85.6329,84.2571,84.6629,114160200
20140501,84.4971,84.9714,83.7657,84.5714,61012000
20140502,84.6543,84.8857,84.2443,84.6200,47878600
20140505,85.8514,85.8571,84.2857,84.3057,71766800
20140506,84.9157,86.3443,84.9157,85.9714,93641104
20140507,84.6186,85.3271,83.9614,85.0357,70716096
20140508,83.9986,84.9157,83.7714,84.0357,57574300
20140509,83.6486,83.7500,82.9043,83.5057,72899400
20140512,84.6900,84.8086,83.9143,83.9271,53302200
20140513,84.8229,84.9343,84.3857,84.5714,39934300
20140514,84.8386,85.3429,84.5343,84.6329,41601000
20140515,84.1171,85.2286,84.0057,84.9571,57711500
20140516,85.3586,85.3614,83.6286,84.0900,69064096
20140519,86.3700,86.7614,85.3329,85.4071,79438800
20140520,86.3871,86.6286,85.8186,86.3586,58709000
20140521,86.6157,86.6714,86.0086,86.2614,49214900
20140522,86.7529,87.1214,86.3000,86.6571,50190000
20140523,87.7329,87.8186,86.6386,86.7500,58052400
20140527,89.3757,89.4086,87.9471,87.9829,87216496
20140528,89.1443,89.9757,89.1114,89.4314,78870400
20140529,90.7686,90.9814,89.6814,89.6929,94118496
20140530,90.4286,92.0243,89.8429,91.1400,141005200
20140602,89.8071,90.6900,88.9286,90.5657,92337696
20140603,91.0771,91.2486,89.7500,89.7800,73177296
20140604,92.1171,92.5557,90.8729,91.0629,83870496
20140605,92.4786,92.7671,91.8014,92.3143,75951400
20140606,92.2243,93.0371,92.0671,92.8429,87484600
20140609,93.7000,93.8800,91.7500,92.7000,75415000
20140610,94.2500,95.0500,93.5700,94.7300,62777000
20140611,93.8600,94.7600,93.4700,94.1300,45681000
20140612,92.2900,94.1200,91.9000,94.0400,54749000
20140613,91.2800,92.4400,90.8800,92.2000,54525000
20140616,92.2000,92.7500,91.4500,91.5100,35561000
20140617,92.0800,92.7000,91.8000,92.3100,29726000
20140618,92.1800,92.2900,91.3500,92.2700,33514000
20140619,91.8600,92.3000,91.3400,92.2900,35528000
20140620,90.9100,92.5500,90.9000,91.8500,100898000
20140623,90.8300,91.6200,90.6000,91.3200,43694000
20140624,90.2800,91.7400,90.1900,90.7500,39036000
20140625,90.3600,90.7000,89.6500,90.2100,36869000
20140626,90.9000,91.0500,89.8000,90.3700,32629000
20140627,91.9800,92.0000,90.7700,90.8200,64029000
20140630,92.9300,93.7300,92.0900,92.1000,49589000
20140701,93.5200,94.0700,93.1300,93.5200,38223000
20140702,93.4800,94.0600,93.0900,93.8700,28465000
20140703,94.0300,94.1000,93.2000,93.6700,22891800
20140707,95.9700,95.9900,94.1000,94.1400,56468000
20140708,95.3500,96.8000,93.9200,96.2700,65222000
20140709,95.3900,95.9500,94.7600,95.4400,36436000
20140710,95.0400,95.5500,93.5200,93.7600,39686000
20140711,95.2200,95.8900,94.8600,95.3600,34018000
20140714,96.4500,96.8900,95.6500,95.8600,42810000
20140715,95.3200,96.8500,95.0300,96.8000,45477900
20140716,94.7800,97.1000,94.7400,96.9700,53502000
20140717,93.0900,95.2800,92.5700,95.0300,57298000
20140718,94.4300,94.7400,93.0200,93.6200,49988000
20140721,93.9400,95.0000,93.7200,94.9900,39079000
20140722,94.7200,94.8900,94.1200,94.6800,55197000
20140723,97.1900,97.8800,95.1700,95.4200,92918000
20140724,97.0300,97.3200,96.4200,97.0400,45729000
20140725,97.6700,97.8400,96.6400,96.8500,43469000
20140728,99.0200,99.2400,97.5500,97.8200,55318000
20140729,98.3800,99.4400,98.2500,99.3300,43143000
20140730,98.1500,98.7000,97.6700,98.4400,33010000
20140731,95.6000,97.4500,95.3300,97.1600,56843000
20140801,96.1300,96.6200,94.8100,94.9000,48511000
20140804,95.5900,96.5800,95.1700,96.3700,39958000
20140805,95.1200,95.6800,94.3600,95.3600,55933000
20140806,94.9600,95.4800,94.7100,94.7500,38558000
20140807,94.4800,95.9500,94.1000,94.9300,46711000
20140808,94.7400,94.8200,93.2800,94.2600,41825300
